4
1
2
20
20
-0.03984258696436882
-0.04320455342531204
0.19016219675540924
0.06722815334796906
0.043469514697790146
-0.03258014842867851
-0.03524492681026459
0.15619803965091705
0.05512729659676552
0.03560708463191986
-0.04304254427552223
-0.046720683574676514
0.20495356619358063
0.07252603769302368
0.04685600847005844
-0.014367487281560898
-0.015360047109425068
0.06897255778312683
0.024328090250492096
0.01428183726966381
0.047716543078422546
0.05186488851904869
-0.22635763883590698
-0.0802236869931221
-0.05168326199054718
-0.04470443353056908
-0.0485493503510952
0.21259330213069916
0.0752677321434021
0.048591453582048416
0.04406581073999405
0.04784431681036949
-0.20966294407844543
-0.07421404123306274
-0.047897789627313614
-0.02372267097234726
-0.02557355910539627
0.11410954594612122
0.04022901877760887
0.02565448358654976
0.0427236333489418
0.04636776074767113
-0.20348213613033295
-0.07199710607528687
-0.04648609831929207
0.0426412858068943
0.04627729207277298
-0.20310461521148682
-0.0718616172671318
-0.04640122130513191
0.047977931797504425
0.052153028547763824
-0.22754311561584473
-0.08065281808376312
-0.05195043236017227
-0.03186848759651184
-0.034466467797756195
0.15284200012683868
0.05393609404563904
0.034824222326278687
0.04102449119091034
0.0445002056658268
-0.19563135504722595
-0.0691862553358078
-0.044692374765872955
-0.038320496678352356
-0.041533928364515305
0.18308775126934052
0.06470099836587906
0.041842635720968246
-0.04052750766277313
-0.04395655542612076
0.1933368593454361
0.06836400926113129
0.04419749975204468
0.04179541766643524
0.04534740373492241
-0.19920316338539124
-0.07046253234148026
-0.04550931230187416
0.041404832154512405
0.04491809755563736
-0.1973959356546402
-0.06981571018695831
-0.04509589448571205
0.04656548798084259
0.05059637874364853
-0.22110718488693237
-0.07833210378885269
-0.0504944808781147
-0.03201371431350708
-0.034625355154275894
0.15352673828601837
0.05417924001812935
0.0349874272942543
-0.039553750306367874
-0.04288744926452637
0.18881972134113312
0.06674930453300476
0.04315830022096634
-0.3961329758167267
-0.3247787356376648
-0.42734295129776
-0.1428317129611969
0.47239992022514343
-0.4434877932071686
0.43703022599220276
-0.2368299514055252
0.42397165298461914
0.42317238450050354
0.4749235510826111
-0.3177511990070343
0.40740811824798584
-0.381237655878067
-0.4028247892856598
0.4149278998374939
0.4111195206642151
0.46126678586006165
-0.31918805837631226
-0.3933071792125702
-0.06992936134338379
0.30021247267723083
0.2462226003408432
0.3238074481487274
0.10836450010538101
-0.3577486574649811
0.33601564168930054
-0.3310236930847168
0.17960737645626068
-0.32115438580513
-0.32055020332336426
-0.3596591353416443
0.24090074002742767
-0.3086332380771637
0.288944810628891
0.30527201294898987
-0.31431901454925537
-0.31143832206726074
-0.34934139251708984
0.24198657274246216
0.29807716608047485
0.05193684622645378
0.1292417198419571
0.10609611123800278
0.13933512568473816
0.04682399705052376
-0.15355147421360016
0.14458154141902924
-0.14211280643939972
0.07746706157922745
-0.13789542019367218
-0.13763397932052612
-0.15437056124210358
0.10380984842777252
-0.13253267109394073
0.12441784143447876
0.13141010701656342
-0.13496603071689606
-0.133733868598938
-0.14995574951171875
0.10427089780569077
0.12833812832832336
0.013739503920078278
-0.3986828327178955
-0.3268413245677948
-0.430107980966568
-0.14364631474018097
0.47580116987228394
-0.4463757574558258
0.44018587470054626
-0.23827895522117615
0.4270363748073578
0.42623165249824524
0.47834184765815735
-0.319760799407959
0.4103577435016632
-0.38368868827819824
-0.4054219126701355
0.41793155670166016
0.41409534215927124
0.4645926058292389
-0.3212049901485443
-0.395847350358963
-0.07218743115663528
0.06867893785238266
0.05640045553445816
0.07403543591499329
0.024944335222244263
-0.08139088749885559
0.07680588960647583
-0.07533317059278488
0.04121515899896622
-0.07309258729219437
-0.0729559063911438
-0.08182289451360703
0.05518864095211029
-0.07025063037872314
0.06611833721399307
0.06982775032520294
-0.07154139876365662
-0.07088715583086014
-0.07948590815067291
0.055435195565223694
0.06819459795951843
-0.007407685741782188
0.30295100808143616
0.2484688013792038
0.3267665207386017
0.10935840010643005
-0.36099234223365784
0.3390815556049347
-0.3340238928794861
0.18125125765800476
-0.3240613043308258
-0.32345134019851685
-0.36291754245758057
0.24309909343719482
-0.3114239275455475
0.2915836274623871
0.30805855989456177
-0.31716233491897583
-0.31425538659095764
-0.35250625014305115
0.24419765174388885
0.30079567432403564
0.05229664593935013
-0.37948334217071533
-0.31117022037506104
-0.40935444831848145
-0.13691799342632294
0.45230594277381897
-0.42481788992881775
0.4184446930885315
-0.22694389522075653
0.40595072507858276
0.4051833152770996
0.45472273230552673
-0.30443882942199707
0.39009377360343933
-0.36522603034973145
-0.38588815927505493
0.39729222655296326
0.3936459422111511
0.44165000319480896
-0.3058125972747803
-0.3767808973789215
-0.06590399146080017
-0.4063253700733185
-0.33310845494270325
-0.438352108001709
-0.14643020927906036
0.48478201031684875
-0.4549311399459839
0.4484815299510956
-0.24286194145679474
0.4350820481777191
0.43426018953323364
0.4873727858066559
-0.3258945047855377
0.41808420419692993
-0.39103949069976807
-0.4131949841976166
0.4258023202419281
0.4218931496143341
0.4733573794364929
-0.3273637592792511
-0.40342992544174194
-0.07277251780033112
-0.4048730432987213
-0.33192166686058044
-0.4367813766002655
-0.14591871201992035
0.4830210208892822
-0.4533011317253113
0.4468499720096588
-0.24199829995632172
0.4335024058818817
0.43268048763275146
0.48560193181037903
-0.3247363865375519
0.41656675934791565
-0.389644593000412
-0.411718487739563
0.4242573082447052
0.42036086320877075
0.4716382920742035
-0.32620030641555786
-0.4019894301891327
-0.07237986475229263
-0.405928373336792
-0.3327845633029938
-0.43792474269866943
-0.14629468321800232
0.4842838644981384
-0.4544856548309326
0.44801852107048035
-0.24262772500514984
0.43463337421417236
0.4338128864765167
0.48687201738357544
-0.3255801796913147
0.4176526367664337
-0.3906601369380951
-0.4127894341945648
0.42536383867263794
0.42145836353302
0.47286853194236755
-0.3270510137081146
-0.40303748846054077
-0.07257168740034103
0.3111969828605652
0.25522109866142273
0.3356661796569824
0.11231571435928345
-0.3708653151988983
0.3483196198940277
-0.34315457940101624
0.18616776168346405
-0.3329172432422638
-0.3322909474372864
-0.37284255027770996
0.24970459938049316
-0.31993281841278076
0.29951655864715576
0.31644460558891296
-0.32582879066467285
-0.32284221053123474
-0.36214524507522583
0.25083306431770325
0.3089815676212311
0.05400498956441879
-0.39295804500579834
-0.3221844732761383
-0.4239119291305542
-0.14170877635478973
0.46855178475379944
-0.4399242401123047
0.4334743916988373
-0.23494914174079895
0.4205179810523987
0.41972559690475464
0.4710536301136017
-0.31521332263946533
0.4040892422199249
-0.3781845271587372
-0.39959412813186646
0.41154995560646057
0.4077708423137665
0.4575110673904419
-0.31664061546325684
-0.39015334844589233
-0.06908531486988068
0.3085559010505676
0.2530576288700104
0.3328109681606293
0.11136490106582642
-0.36771270632743835
0.3453618586063385
-0.34023815393447876
0.18458807468414307
-0.33009183406829834
-0.3294694125652313
-0.3696743845939636
0.24758803844451904
-0.3172184228897095
0.29697370529174805
0.3137562572956085
-0.3230628967285156
-0.32010287046432495
-0.3590681254863739
0.24870452284812927
0.30636030435562134
0.053521737456321716
0.3176262080669403
0.26048073172569275
0.3426036834716797
0.11460255086421967
-0.37862375378608704
0.3555302321910858
-0.35032492876052856
0.1899815797805786
-0.3398817479610443
-0.3392378091812134
-0.3806447684764862
0.2548478841781616
-0.3266262412071228
0.3057013750076294
0.32298195362091064
-0.3326440751552582
-0.3295952081680298
-0.36972126364707947
0.2559978663921356
0.3153674304485321
0.05565665289759636
0.33026406168937683
0.2708269953727722
0.3562481105327606
0.11912088841199875
-0.3938102722167969
0.3696974217891693
-0.3643716275691986
0.1975024789571762
-0.3535063564777374
-0.3528386950492859
-0.3959119915962219
0.2649672329425812
-0.3397159278392792
0.3178573250770569
0.3358382284641266
-0.34597814083099365
-0.3428064286708832
-0.38454851508140564
0.26616203784942627
0.3279164731502533
0.058510541915893555
0.30696386098861694
0.2517567276954651
0.33108964562416077
0.11080138385295868
-0.3657855689525604
0.34357860684394836
-0.3384457230567932
0.1836378574371338
-0.3283627927303314
-0.3277400732040405
-0.36773619055747986
0.24631384015083313
-0.3155577778816223
0.29544395208358765
0.3121395409107208
-0.32137131690979004
-0.3184269070625305
-0.357186883687973
0.24742378294467926
0.30478307604789734
0.053063541650772095
0.32533249258995056
0.26679107546806335
0.35092008113861084
0.11736708879470825
-0.38784706592559814
0.36416617035865784
-0.35884955525398254
0.1945730745792389
-0.34815382957458496
-0.3474941849708557
-0.3899173140525818
0.26102206110954285
-0.3345735967159271
0.3131149113178253
0.33081769943237305
-0.3407388925552368
-0.3376154601573944
-0.3787248134613037
0.2621985077857971
0.3230191767215729
0.05719827488064766
0.33295369148254395
0.2730223834514618
0.3591507375240326
0.12006460875272751
-0.39709681272506714
0.37271377444267273
-0.36741453409194946
0.19909356534481049
-0.3564561605453491
-0.35578471422195435
-0.39921531081199646
0.2671142518520355
-0.3425520360469818
0.32044440507888794
0.33857035636901855
-0.34886547923088074
-0.3456675708293915
-0.38775745034217834
0.2683173418045044
0.33058416843414307
0.05941778048872948
0.2792523205280304
0.22905829548835754
0.30118805170059204
0.10085281729698181
-0.3326295018196106
0.3125304579734802
-0.30779144167900085
0.1671168953180313
-0.29861506819725037
-0.2980533242225647
-0.3344019949436188
0.224110946059227
-0.2869744896888733
0.2687799036502838
0.28395673632621765
-0.2922603487968445
-0.28958261013031006
-0.3248143196105957
0.2251231074333191
0.2772664427757263
0.04736344516277313
-0.408145934343338
-0.33460283279418945
-0.44031402468681335
-0.14710739254951477
0.4868684709072113
-0.45696595311164856
0.45039865374565125
-0.2439543753862381
0.43694496154785156
0.43611663579940796
0.4894709885120392
-0.32735663652420044
0.4198756814002991
-0.3927920162677765
-0.4150436520576477
0.4276268184185028
0.42370113730430603
0.47539228200912476
-0.32883644104003906
-0.40523597598075867
-0.07263636589050293
1.1436898708343506
-0.8616524338722229
-0.3684690296649933
1.1515915393829346
-0.195230171084404
-0.8695862889289856
1.0947265625
1.1738640069961548
1.1695892810821533
1.172646403312683
-0.8935618996620178
1.1343426704406738
-0.8858942985534668
-0.9123069047927856
-0.9492195248603821
-0.8812444806098938
-0.9347475171089172
-0.9571362733840942
-0.8007787466049194
1.1790480613708496
0.7273547053337097
0.5
22
