2
1
2
20
20
0.007064176723361015
-0.0327792651951313
0.01579328440129757
0.006999547127634287
-0.03247211128473282
0.015670381486415863
0.005571750458329916
-0.025591932237148285
0.011997702531516552
0.006875401828438044
-0.03187203034758568
0.015258640050888062
-0.006864889059215784
0.03182114288210869
-0.015219390392303467
-0.003929846920073032
0.017674170434474945
-0.008444644510746002
-0.0071581946685910225
0.03322796896100044
-0.016039909794926643
0.0071196723729372025
-0.03304359316825867
0.015906263142824173
-0.004680390935391188
0.021300509572029114
-0.010044914670288563
0.006386911496520042
-0.02951950952410698
0.014023629948496819
0.007127061951905489
-0.033082760870456696
0.016010137274861336
-0.006610364653170109
0.03060658648610115
-0.014601500704884529
-0.007062908727675676
0.032776977866888046
-0.015865173190832138
0.007106279954314232
-0.03298209235072136
0.015935247763991356
-0.006932894699275494
0.0321483239531517
-0.015438055619597435
0.006305907387286425
-0.029130686074495316
0.013857142068445683
0.0070948065258562565
-0.03292493522167206
0.01584562659263611
0.003531976602971554
-0.015723150223493576
0.007536669261753559
-0.007133119273930788
0.03310878574848175
-0.015921927988529205
0.006789100356400013
-0.03145367279648781
0.01504763588309288
-0.17182201147079468
-0.17030341923236847
-0.13427932560443878
-0.16703292727470398
0.16682185232639313
0.09300695359706879
0.1741960346698761
-0.17329241335391998
0.11189701408147812
-0.15485018491744995
-0.17343609035015106
0.16045287251472473
0.17185628414154053
-0.1729438155889511
0.16853554546833038
-0.15272654592990875
-0.17264752089977264
-0.0829039141535759
0.17354032397270203
-0.1648903489112854
0.0027002061251550913
0.1583622545003891
0.1569688320159912
0.12377601116895676
0.1540544331073761
-0.15377987921237946
-0.0856916755437851
-0.16054588556289673
0.15971140563488007
-0.10310932248830795
0.14272306859493256
0.1598876565694809
-0.14792025089263916
-0.1583634316921234
0.15935088694095612
-0.1553966999053955
0.14074687659740448
0.15912732481956482
0.07639679312705994
-0.1599728763103485
0.15197905898094177
-0.0024823176208883524
-0.13800817728042603
-0.1366771161556244
-0.1078224629163742
-0.13417059183120728
0.13394872844219208
0.07467186450958252
0.1398925930261612
-0.13908270001411438
0.08983694016933441
-0.12432285398244858
-0.13925400376319885
0.12883251905441284
0.1380053162574768
-0.138790100812912
0.13530775904655457
-0.1226826161146164
-0.13855285942554474
-0.06654351204633713
0.13938462734222412
-0.13239440321922302
0.0021853011567145586
-0.11307717114686966
-0.1119907796382904
-0.08837319165468216
-0.10996626317501068
0.10980387032032013
0.06119852885603905
0.11459185928106308
-0.11394824832677841
0.07362884283065796
-0.10179457068443298
-0.11409632116556168
0.10562172532081604
0.11302497982978821
-0.11381127685308456
0.11090867221355438
-0.10049007087945938
-0.11363840103149414
-0.054538942873477936
0.1142449676990509
-0.10848379880189896
0.0018115431303158402
0.11625403165817261
0.11516840755939484
0.09083713591098785
0.11309371888637543
-0.11289352923631668
-0.06290406733751297
-0.11783114075660706
0.11721128225326538
-0.07569202780723572
0.10470618307590485
0.11732959747314453
-0.10857019573450089
-0.116196408867836
0.1169196292757988
-0.11403876543045044
0.10337325930595398
0.11675060540437698
0.056069862097501755
-0.1174815222620964
0.11159304529428482
-0.0018614535219967365
0.13685084879398346
0.13558517396450043
0.1068679466843605
0.13304616510868073
-0.1328345388174057
-0.07405470311641693
-0.1386873573064804
0.13792110979557037
-0.08907222747802734
0.12322285771369934
0.13812106847763062
-0.12776336073875427
-0.13686798512935638
0.13772375881671906
-0.13416239619255066
0.12165617942810059
0.13740754127502441
0.06600184738636017
-0.13823138177394867
0.13127470016479492
-0.002102258149534464
0.1404264271259308
0.13913977146148682
0.10973767191171646
0.13654093444347382
-0.13635413348674774
-0.07598262280225754
-0.14238351583480835
0.14160682260990143
-0.0914325937628746
0.1265249252319336
0.14168603718280792
-0.1311066746711731
-0.14037851989269257
0.14132705330848694
-0.13776254653930664
0.1248513013124466
0.14107222855091095
0.06774461269378662
-0.14184123277664185
0.13476206362247467
-0.002218476263806224
-0.15254046022891998
-0.15105411410331726
-0.1191440001130104
-0.14830593764781952
0.1479910910129547
0.08253388851881027
0.15460678935050964
-0.1537621170282364
0.09921767562627792
-0.13741372525691986
-0.1539631187915802
0.1424156129360199
0.1525495946407318
-0.1535065621137619
0.14961162209510803
-0.1355716437101364
-0.15322570502758026
-0.07355009019374847
0.15405505895614624
-0.14637863636016846
0.0023952333722263575
-0.14015831053256989
-0.13886606693267822
-0.10950447618961334
-0.1362178474664688
0.13600113987922668
0.07583996653556824
0.14202582836151123
-0.1412079632282257
0.09124228358268738
-0.12618377804756165
-0.14142337441444397
0.1308545619249344
0.14012400805950165
-0.14101924002170563
0.1374616175889969
-0.12458272278308868
-0.14075623452663422
-0.06759775429964066
0.14148885011672974
-0.13451135158538818
0.002197758760303259
-0.16593427956104279
-0.1644412726163864
-0.12966258823871613
-0.1613471657037735
0.16105136275291443
0.08980456739664078
0.1681922823190689
-0.16725289821624756
0.10801965743303299
-0.14949344098567963
-0.1675076186656952
0.15490494668483734
0.1659117043018341
-0.1669611632823944
0.1627141237258911
-0.14749130606651306
-0.16669994592666626
-0.0800352618098259
0.16757619380950928
-0.159292072057724
0.002610104624181986
0.17187777161598206
0.17029665410518646
0.13433901965618134
0.16714918613433838
-0.16690924763679504
-0.09295672923326492
-0.174320250749588
0.17326650023460388
-0.1118631586432457
0.15479610860347748
0.17355108261108398
-0.16052363812923431
-0.17190277576446533
0.17298221588134766
-0.1685665398836136
0.15277054905891418
0.17265066504478455
0.08290772140026093
-0.17358796298503876
0.16497746109962463
-0.0027012259233742952
0.12581075727939606
0.12458207458257675
0.09831343591213226
0.12232942879199982
-0.12215662002563477
-0.0680808573961258
-0.12752966582775116
0.12684573233127594
-0.08191613107919693
0.11335067451000214
0.12700879573822021
-0.11747649312019348
-0.12585362792015076
0.12653587758541107
-0.12341940402984619
0.1118483766913414
0.12641549110412598
0.060682132840156555
-0.1271001696586609
0.12070765346288681
-0.0019912333227694035
-0.13639341294765472
-0.13503523170948029
-0.10655394941568375
-0.13259370625019073
0.13239963352680206
0.07379626482725143
0.1382504254579544
-0.13748972117900848
0.08876752853393555
-0.12286432087421417
-0.1376538723707199
0.12732622027397156
0.13630981743335724
-0.13718485832214355
0.13371405005455017
-0.1212359145283699
-0.13693463802337646
-0.06576315313577652
0.1377549022436142
-0.1308814138174057
0.002159006893634796
0.15057243406772614
0.14913202822208405
0.11765226721763611
0.14642193913459778
-0.14615659415721893
-0.08148849010467529
-0.15263524651527405
0.15178030729293823
-0.09801645576953888
0.13566866517066956
0.15193204581737518
-0.14056046307086945
-0.1505725234746933
0.15154117345809937
-0.14771915972232819
0.13380959630012512
0.15128205716609955
0.0726272314786911
-0.15212306380271912
0.14443552494049072
-0.002373439259827137
-0.1702325940132141
-0.16870519518852234
-0.13305361568927765
-0.16553126275539398
0.16530904173851013
0.09212211519479752
0.17257831990718842
-0.17160385847091675
0.11080954223871231
-0.1533079296350479
-0.17183057963848114
0.15899157524108887
0.17028090357780457
-0.1713680773973465
0.1669776737689972
-0.1513059288263321
-0.1709846407175064
-0.08213268220424652
0.1719229370355606
-0.16335630416870117
0.0026760336477309465
0.12471824884414673
0.12347768247127533
0.09742788225412369
0.12126694619655609
-0.12107428163290024
-0.06747391074895859
-0.12640759348869324
0.12573137879371643
-0.0811784490942955
0.11232399940490723
0.12579669058322906
-0.11643359065055847
-0.1246243491768837
0.12540513277053833
-0.12227979302406311
0.11085788160562515
0.1252393275499344
0.0601399764418602
-0.12598508596420288
0.11969440430402756
-0.0019850849639624357
0.12267006188631058
0.12147242575883865
0.09584764391183853
0.11928517371416092
-0.1190950870513916
-0.06636486202478409
-0.12437503784894943
0.12363473325967789
-0.07984127849340439
0.11049417406320572
0.12374378740787506
-0.11453688889741898
-0.12266520410776138
0.12336613237857819
-0.1203283816576004
0.10899121314287186
0.12318014353513718
0.05916781723499298
-0.12392217665910721
0.11774817109107971
-0.0019572635646909475
0.12154306471347809
0.12033388763666153
0.09493482112884521
0.11816608160734177
-0.11797177046537399
-0.06575528532266617
-0.12315137684345245
0.1225227490067482
-0.07909420132637024
0.10939256846904755
0.1225823312997818
-0.11346417665481567
-0.12148241698741913
0.12221907079219818
-0.119155153632164
0.1080302745103836
0.12203069031238556
0.058601103723049164
-0.12278030812740326
0.11658063530921936
-0.0019381000893190503
-0.1271734982728958
-0.12594741582870483
-0.09927067160606384
-0.12363911420106888
0.1234530508518219
0.06879916787147522
0.12890514731407166
-0.12815047800540924
0.08278071880340576
-0.11445837467908859
-0.12828144431114197
0.11873414367437363
0.12711568176746368
-0.12797552347183228
0.12471901625394821
-0.11305029690265656
-0.12769757211208344
-0.06133122742176056
0.1283915638923645
-0.12203612923622131
0.002016328275203705
-0.1149802878499031
-0.11396126449108124
-0.08979160338640213
-0.11183705925941467
0.11165431886911392
0.06224118918180466
0.11654230952262878
-0.11595916748046875
0.07487983256578445
-0.10360099375247955
-0.11610861867666245
0.10737256705760956
0.11503862589597702
-0.11572205275297165
0.11281754076480865
-0.10223711282014847
-0.1155434399843216
-0.055479563772678375
0.11618239432573318
-0.11039181798696518
0.0018146869260817766
-0.8091221451759338
0.7452915906906128
-0.6484665274620056
-0.5308758616447449
0.5458347797393799
0.6433078646659851
0.6600806713104248
-0.7173299193382263
-0.658750593662262
-0.7810449600219727
0.8094043135643005
0.590980589389801
-0.6408308148384094
0.7081239819526672
-0.8015869855880737
0.5856239199638367
0.5760277509689331
0.570612907409668
-0.5972490310668945
-0.5400087833404541
-0.0418967641890049
