2
1
2
20
20
-0.23556852340698242
-0.10077591240406036
-0.003094261744990945
0.2900657653808594
0.12432733178138733
0.0030664734076708555
-0.2412039339542389
-0.10320339351892471
-0.0030967227648943663
-0.02220837026834488
-0.00936364196240902
-0.029291411861777306
0.29659122228622437
0.12715479731559753
0.0030911259818822145
0.29262813925743103
0.12543590366840363
0.003076208056882024
0.2978179454803467
0.1276857852935791
0.0030960196163505316
-0.24673976004123688
-0.1055886298418045
-0.003101010574027896
0.2883869409561157
0.1236017495393753
0.003059950890019536
-0.25092974305152893
-0.10740722715854645
-0.0031053805723786354
0.2797344923019409
0.1198592483997345
0.003029318992048502
-0.255782812833786
-0.1094973087310791
-0.0031112029682844877
-0.14758169651031494
-0.06293962150812149
-0.0035095044877380133
-0.24858886003494263
-0.10639233887195587
-0.0031027658842504025
-0.2598307430744171
-0.11124853044748306
-0.003117666346952319
0.2905876934528351
0.12455718219280243
0.00306811835616827
-0.25401780009269714
-0.1087341159582138
-0.003108978271484375
0.32110077142715454
0.13775964081287384
0.0031925244256854057
-0.18925324082374573
-0.08082549273967743
-0.003173660021275282
-0.23080319166183472
-0.09871812909841537
-0.0030936626717448235
0.4101850688457489
-0.5055160522460938
0.4200245141983032
0.03844255208969116
-0.5170130133628845
-0.5100204348564148
-0.5191676020622253
0.42971593141555786
-0.5025684833526611
0.43709123134613037
-0.4873492121696472
0.44558045268058777
0.25681865215301514
0.432973712682724
0.45268985629081726
-0.5064504146575928
0.44248470664024353
-0.5601696372032166
0.3292848765850067
0.401838481426239
-0.18619275093078613
0.4082179367542267
-0.503191351890564
0.4180108904838562
0.03821687027812004
-0.5146300196647644
-0.5076709985733032
-0.516782283782959
0.4276556372642517
-0.5002568960189819
0.43499815464019775
-0.4851142168045044
0.44344478845596313
0.25557535886764526
0.43089941143989563
0.45052143931388855
-0.5041214227676392
0.44036218523979187
-0.5575858950614929
0.3277033865451813
0.399911493062973
-0.18478840589523315
0.416738361120224
-0.5137193202972412
0.4267372488975525
0.03901396319270134
-0.5254049301147461
-0.5183045864105225
-0.5276013612747192
0.43658629059791565
-0.5107211470603943
0.44408249855041504
-0.49525442719459534
0.45271870493888855
0.26089441776275635
0.43989959359169006
0.45994117856025696
-0.5146684050559998
0.4495683014392853
-0.5692735314369202
0.3345322608947754
0.40825575590133667
-0.18873091042041779
0.41585054993629456
-0.5127641558647156
0.42583006620407104
0.03887647017836571
-0.5244242548942566
-0.5173385739326477
-0.5266154408454895
0.4356610178947449
-0.509766697883606
0.44314244389533997
-0.4943333864212036
0.45176365971565247
0.2603224813938141
0.43896543979644775
0.4589707553386688
-0.5137064456939697
0.4486182928085327
-0.568199634552002
0.33381059765815735
0.4073861241340637
-0.18768495321273804
-0.3619489073753357
0.44596385955810547
-0.3706192970275879
-0.03393302112817764
0.456088125705719
0.4499335289001465
0.4579884707927704
-0.3791618049144745
0.44336268305778503
-0.3856604993343353
0.4299596846103668
-0.3931400775909424
-0.22668620944023132
-0.38203004002571106
-0.39940497279167175
0.4467844069004059
-0.390412300825119
0.49408653378486633
-0.2906154990196228
-0.35458898544311523
0.1636764109134674
-0.3643576502799988
0.44911056756973267
-0.3730907738208771
-0.03408703953027725
0.459304541349411
0.45310989022254944
0.4612201154232025
-0.38169312477111816
0.4464903175830841
-0.38823840022087097
0.43299582600593567
-0.3957798480987549
-0.22817543148994446
-0.3845844268798828
-0.4020848274230957
0.449934720993042
-0.39302852749824524
0.4975658357143402
-0.2925402522087097
-0.35695070028305054
0.1640021651983261
0.42144614458084106
-0.5195901989936829
0.4315577447414398
0.03943151980638504
-0.531416654586792
-0.5242279171943665
-0.533631443977356
0.44152143597602844
-0.5165613889694214
0.44909772276878357
-0.5009181499481201
0.45782214403152466
0.2638126015663147
0.44486573338508606
0.4651309549808502
-0.5205553770065308
0.4546416401863098
-0.5757955312728882
0.3382897675037384
0.4128647446632385
-0.19060762226581573
0.41260021924972534
-0.508646547794342
0.4225005805492401
0.03861197829246521
-0.520214855670929
-0.5131796002388
-0.5223848819732666
0.4322522282600403
-0.5056754350662231
0.4396730363368988
-0.4903666377067566
0.4482176601886749
0.2583078145980835
0.43553030490875244
0.4553706645965576
-0.5095851421356201
0.44510194659233093
-0.5636373162269592
0.33121222257614136
0.404203325510025
-0.18664272129535675
-0.3056439459323883
0.377025842666626
-0.3129635751247406
-0.02843974530696869
0.3855600953102112
0.3803738057613373
0.38716357946395874
-0.32017263770103455
0.3748318552970886
-0.3256569802761078
0.36353227496147156
-0.33197569847106934
-0.19141945242881775
-0.3225950002670288
-0.3372581899166107
0.37771570682525635
-0.3296707570552826
0.4175821840763092
-0.2454255372285843
-0.29943543672561646
0.13431556522846222
-0.3680018186569214
0.45349007844924927
-0.37682172656059265
-0.03447435423731804
0.46378910541534424
0.45752930641174316
0.46572449803352356
-0.38550710678100586
0.4508488178253174
-0.39211782813072205
0.43721848726272583
-0.3997292220592499
-0.23046371340751648
-0.3884258568286896
-0.4060955345630646
0.45432665944099426
-0.3969508111476898
0.5024377107620239
-0.29546865820884705
-0.3605206310749054
0.1662522405385971
-0.3376202881336212
0.41630515456199646
-0.34571006894111633
-0.031505707651376724
0.4257415533065796
0.4200066924095154
0.42751598358154297
-0.3536764681339264
0.41388076543807983
-0.3597341477870941
0.4013858139514923
-0.3667122423648834
-0.21143151819705963
-0.35635149478912354
-0.37255558371543884
0.4170694947242737
-0.3641687035560608
0.4611591696739197
-0.27108198404312134
-0.33075737953186035
0.15042026340961456
-0.35898780822753906
0.4423408806324005
-0.36758968234062195
-0.03364349901676178
0.45238012075424194
0.44627833366394043
0.45426663756370544
-0.3760576546192169
0.43976080417633057
-0.38250523805618286
0.42647024989128113
-0.3899243474006653
-0.22483186423778534
-0.37890374660491943
-0.3961356282234192
0.44315364956855774
-0.38721778988838196
0.4900643229484558
-0.2882421612739563
-0.3516901135444641
0.16213659942150116
-0.3772757053375244
0.4647068679332733
-0.38631755113601685
-0.035436294972896576
0.47526586055755615
0.4688463509082794
0.4772472083568573
-0.3952210247516632
0.461995393037796
-0.40199702978134155
0.44801992177963257
-0.4097961485385895
-0.23629194498062134
-0.39821434020996094
-0.4163300693035126
0.46556442975997925
-0.4069514274597168
0.5148976445198059
-0.30291998386383057
-0.36960548162460327
0.17170928418636322
-0.3418516516685486
0.42129865288734436
-0.3500407934188843
-0.031992629170417786
0.43085408210754395
0.42504584789276123
0.43264901638031006
-0.35810646414756775
0.41884323954582214
-0.36424335837364197
0.4061940014362335
-0.37131062150001526
-0.21411754190921783
-0.360817015171051
-0.3772245943546295
0.422071635723114
-0.3687328100204468
0.4667118489742279
-0.27449727058410645
-0.3349059820175171
0.15355165302753448
0.39632245898246765
-0.48870372772216797
0.40582919120788574
0.037025708705186844
-0.4998076558113098
-0.49305906891822815
-0.5018945336341858
0.4151941239833832
-0.4858490824699402
0.4223196804523468
-0.4711511433124542
0.43052855134010315
0.2481221854686737
0.41834190487861633
0.4373953342437744
-0.489601194858551
0.42753472924232483
-0.5414888858795166
0.3181561529636383
0.38825860619544983
-0.1783200353384018
-0.358160138130188
0.44140395522117615
-0.3667420446872711
-0.033529132604599
0.4514242112636566
0.4453355669975281
0.4533047080039978
-0.3751952350139618
0.43883275985717773
-0.38162678480148315
0.4255724549293518
-0.3890300393104553
-0.22430497407913208
-0.3780360221862793
-0.3952254354953766
0.44221872091293335
-0.38632693886756897
0.489022433757782
-0.2875717878341675
-0.3508799076080322
0.16132788360118866
-0.38423943519592285
0.47327592968940735
-0.39345023036003113
-0.036099568009376526
0.48403432965278625
0.47749337553977966
0.4860532581806183
-0.40252169966697693
0.47051411867141724
-0.40942487120628357
0.4562774896621704
-0.4173729717731476
-0.24064745008945465
-0.4055711328983307
-0.4240264296531677
0.47414976358413696
-0.4144744873046875
0.5244114995002747
-0.3085077106952667
-0.3764280378818512
0.17510883510112762
0.398316890001297
-0.4911709129810333
0.40787237882614136
0.03721049055457115
-0.5023316740989685
-0.49554938077926636
-0.5044291615486145
0.4172849655151367
-0.4883016049861908
0.4244491755962372
-0.4735286235809326
0.4327020049095154
0.2493683248758316
0.4204496741294861
0.439602255821228
-0.49207282066345215
0.42969125509262085
-0.5442270040512085
0.3197545111179352
0.3902124762535095
-0.17923788726329803
0.4228059947490692
-0.5212581157684326
0.43295371532440186
0.03956588730216026
-0.5331183671951294
-0.5259119272232056
-0.5353462100028992
0.4429488778114319
-0.5182141065597534
0.4505564272403717
-0.5025179386138916
0.4593164324760437
0.2646739184856415
0.4463091194629669
0.46664535999298096
-0.5222219824790955
0.45612069964408875
-0.5776393413543701
0.33938708901405334
0.4141997694969177
-0.19134478271007538
-0.3718155324459076
0.4581378102302551
-0.3807263970375061
-0.03485659509897232
0.468543142080307
0.46221211552619934
0.4704970419406891
-0.3895018696784973
0.45546919107437134
-0.39617881178855896
0.44169601798057556
-0.4038623571395874
-0.2328462302684784
-0.3924468159675598
-0.4103003144264221
0.45898309350013733
-0.4010556936264038
0.5075995922088623
-0.2985250651836395
-0.3642520308494568
0.16831570863723755
1.475893497467041
1.4688416719436646
1.5002940893173218
1.4972862005233765
-1.295404076576233
-1.3046890497207642
1.5177421569824219
1.4851001501083374
-1.0912340879440308
-1.317782998085022
-1.2073003053665161
-1.2846202850341797
-1.35129714012146
-1.2222747802734375
1.4253349304199219
-1.2818385362625122
-1.3768360614776611
1.4327175617218018
1.522766351699829
-1.3315889835357666
0.3710840344429016
0.5
8
