2
1
2
20
20
4.7149339209941744e-37
-3.1422866983215074e-37
-0.03216847777366638
1.174973292001313e-37
-6.050227191909715e-38
-0.08805613219738007
-0.011302163824439049
0.05560311675071716
0.054114438593387604
0.05662049353122711
-0.2812275290489197
0.22831866145133972
-0.007973579689860344
0.03926382213830948
0.03303162753582001
-0.018015192821621895
0.08906950801610947
0.07882425934076309
0.01757265441119671
-0.08758903294801712
0.1357012242078781
5.623971705136729e-37
-1.7583608597341265e-37
-0.04157106205821037
-0.03245514631271362
0.16177694499492645
0.13479819893836975
0.0072989510372281075
-0.035661160945892334
0.4764697253704071
-2.6381279852422333e-37
3.539940450294975e-37
-0.08435478061437607
-0.03845197707414627
0.19123171269893646
0.16140027344226837
0.030063753947615623
-0.15004846453666687
0.21779052913188934
0.009619911201298237
-0.047655217349529266
0.1440359205007553
-2.6254593502937197e-37
4.9547236657939285e-37
-0.026504864916205406
0.050099365413188934
-0.24892175197601318
0.21633842587471008
-0.028489718213677406
0.14216114580631256
0.12304376810789108
-0.03482621908187866
0.17330646514892578
0.17890045046806335
2.001840727857895e-37
-4.137219594172088e-37
-0.06082257255911827
-0.021769436076283455
0.10850238054990768
0.09699156880378723
2.9021326159210288e-36
2.3887637621862965e-36
-0.04369243234395981
0.22255124151706696
-0.030936723574995995
-0.07046166062355042
0.06919731199741364
-3.542035178501774e-36
-0.12803415954113007
0.02795487642288208
-2.5497693235715985e-36
-0.1513862907886505
0.118538998067379
0.0372992567718029
1.4398962776416884e-37
0.19700124859809875
-0.11249145865440369
-0.1371823102235794
-2.562924040931417e-36
-0.08584774285554886
0.1183537170290947
2.397573871366547e-36
-2.5539132209695244e-36
-0.07689779996871948
0.3910488188266754
-0.054465871304273605
-0.12395119667053223
0.12166666984558105
-5.5515160097949224e-36
-0.2250303328037262
0.04915063455700874
4.9093516393888796e-36
-0.2660318911075592
0.2083440124988556
0.0656401589512825
-3.011314976345488e-36
0.34613847732543945
-0.19773076474666595
-0.24106648564338684
3.904775343818447e-36
-0.15094542503356934
0.19227875769138336
-5.533262628736301e-36
6.350872974833676e-36
-3.676305848532895e-36
-5.026169619093506e-36
3.9857502163585354e-36
-2.64019751249745e-36
3.469428456816676e-36
-1.0321110705088259e-36
-6.243137023473705e-36
1.4946871821214413e-36
1.9106306816512767e-36
8.890766574610425e-37
-2.7051943539525733e-38
-3.5096602962468274e-37
5.6078018418971925e-37
-3.511973402806307e-36
3.6985271687438736e-36
3.572145652121474e-37
1.2952090050292647e-36
-3.780360129201188e-36
-0.04078157618641853
-5.512081991237644e-36
-5.948266697775653e-37
-0.01036019530147314
0.05218924582004547
-0.007255299482494593
-0.016569163650274277
0.016215786337852478
-2.6768795153954472e-36
-0.03012222610414028
0.006532642059028149
-1.3610663558453607e-36
-0.03560631349682808
0.02776644006371498
0.008724158629775047
-6.33372628325024e-36
0.04618556424975395
-0.026460746303200722
-0.03230232745409012
-1.4827301825850505e-36
-0.020196927711367607
0.11790089309215546
5.2410087178477344e-36
-1.0463887099852403e-36
-0.08475641906261444
0.43077751994132996
-0.05992354080080986
-0.13654980063438416
0.13402791321277618
-4.3348233944383836e-36
-0.24790993332862854
0.05410761758685112
4.7716690654360456e-36
-0.29307806491851807
0.2295164316892624
0.07231815904378891
6.188224419024923e-36
0.381302148103714
-0.21783797442913055
-0.265577107667923
-1.8980766617067572e-36
-0.16629444062709808
0.2551248371601105
5.317856015314409e-36
-3.2601884534688305e-36
-6.350555137921192e-36
4.355468803185995e-36
-4.0453084054762476e-36
2.9291835505256602e-36
1.8657597147355194e-36
1.0311640169546966e-36
1.309862237335669e-36
3.55606161561028e-36
3.872007290845574e-36
-1.0095598958497326e-36
9.899535555186118e-37
6.388082135003565e-36
-6.124625378393157e-37
1.1385711900637738e-36
-3.8123529614428213e-36
1.8421209531019067e-37
-3.0652077045615474e-36
4.369093101266403e-36
-0.018872611224651337
6.159068083924388e-36
-2.95673276444343e-36
-0.054693423211574554
0.2783906161785126
-0.03877527639269829
-0.08819666504859924
0.08657509833574295
3.7660635665903114e-36
-0.16018326580524445
0.03496631979942322
2.467566196111948e-37
-0.18938495218753815
0.14829152822494507
0.04669865220785141
-8.669591902818516e-37
0.24640582501888275
-0.14074434340000153
-0.17160968482494354
2.5635319129948534e-36
-0.10742922872304916
0.25713321566581726
-2.0603620009535577e-36
-5.842808159100678e-36
-0.018786121159791946
0.09594890475273132
-0.013338553719222546
-0.030479872599244118
0.029834887012839317
-5.3123892921661605e-37
-0.0551818385720253
0.012012752704322338
3.5353240126341035e-36
-0.0652325302362442
0.05102233961224556
0.016034714877605438
5.798762635453122e-36
0.08486532419919968
-0.048571858555078506
-0.05909551680088043
8.640930977171865e-38
-0.037147246301174164
0.14570166170597076
-1.711863691555714e-36
5.103254756145934e-36
-0.012656466104090214
0.06452418863773346
-0.00896998681128025
-0.020443018525838852
0.020029591396450996
-3.7390111522145016e-37
-0.037139177322387695
0.008065617643296719
1.137998922191719e-36
-0.04385284706950188
0.034239381551742554
0.010713376104831696
-5.887215823112967e-38
0.05705634877085686
-0.032639726996421814
-0.03982078656554222
3.406557015189139e-37
-0.02492339536547661
0.13744696974754333
-7.329429512103017e-37
1.0652751640588804e-36
-0.05932866409420967
0.30206298828125
-0.04199056327342987
-0.09570328891277313
0.09394371509552002
-7.464096760809929e-37
-0.1738133579492569
0.03795047476887703
-1.406356860310949e-36
-0.20549620687961578
0.1609157919883728
0.0506756454706192
-1.5016515233852585e-36
0.26736268401145935
-0.15272189676761627
-0.186210036277771
3.0899967416577797e-37
-0.11657846719026566
0.14925262331962585
-4.774932812873723e-36
3.669654590977171e-36
-0.03821179270744324
0.19408702850341797
-0.027094082906842232
-0.061506129801273346
0.060336656868457794
-5.65619843090764e-37
-0.11166589707136154
0.024377359077334404
1.4649818967552981e-36
-0.1320374459028244
0.10336918383836746
0.03252466395497322
1.2254937562266176e-36
0.17178384959697723
-0.09812266379594803
-0.11963982880115509
-4.620902444407546e-36
-0.07488684356212616
0.1927553415298462
-2.207653401790532e-36
1.1846427446622136e-36
4.259793076612491e-36
-1.587905681391007e-36
-3.6861462371856676e-36
-2.0583543550385257e-36
3.773223147966566e-36
-2.9623384963993397e-36
1.3201076348757949e-36
1.475717502129408e-36
4.81096963553797e-36
5.6014777482965314e-36
-4.2520792536676266e-36
3.921078296780932e-36
-1.2644075231108372e-36
1.511804547330616e-36
-5.408388236638252e-36
2.415020821974531e-36
-8.557922988715858e-37
-6.44525995523551e-37
-0.005651408806443214
6.561016266382013e-36
2.2195388342117527e-37
-0.06205951049923897
0.3159259259700775
-0.04391927272081375
-0.10011517256498337
0.0982835590839386
4.1881717031659553e-38
-0.18178604543209076
0.039684802293777466
2.3310499957384918e-36
-0.21491923928260803
0.16829922795295715
0.053001273423433304
1.1956465025104567e-36
0.27963370084762573
-0.15972696244716644
-0.19475024938583374
4.949819883475156e-36
-0.12192299962043762
0.156273752450943
6.651449836293968e-36
-3.537143144669327e-36
-0.06534624099731445
0.3325667977333069
-0.04634317383170128
-0.10538630932569504
0.10346967726945877
-5.4899908908903576e-36
-0.1913583129644394
0.0418015755712986
-2.838515907718225e-36
-0.22623303532600403
0.17718030512332916
0.055820781737565994
9.947194949100453e-37
0.29436737298965454
-0.16814102232456207
-0.20500119030475616
-1.9766105395843178e-36
-0.12834878265857697
0.1637096107006073
0.0
9.826677003351399e-37
0.0017758074682205915
-0.008917655795812607
0.0012402704451233149
0.002858805702999234
-0.002779934089630842
2.5519816263247482e-36
0.005257566459476948
-0.0010633115889504552
-4.34858867435469e-36
0.006105342414230108
-0.00474977632984519
-0.0014843711396679282
1.39663942719063e-36
-0.007888016290962696
0.004514330066740513
0.005517858546227217
4.0247243399702104e-36
0.0034392380621284246
0.01062251441180706
-6.586433174873365e-36
3.926070416954895e-36
-2.6393636390176872e-36
-1.4577792674902194e-36
-3.2887474991119314e-36
-7.3437178238685355e-37
-1.3403179908969783e-37
-3.4331946900610593e-36
-3.565677437776354e-36
-6.714558758774851e-36
4.073734720128808e-36
-2.334157335846775e-36
-2.2872116400559016e-36
-3.060483916227921e-36
2.3257359132293652e-36
1.7965548524647426e-36
-1.3158378224030586e-36
-2.5304331087428486e-36
-5.314313532796596e-36
-2.7189410694668243e-36
-0.07625716924667358
-2.426019557569078e-36
4.098882220582602e-36
0.009925968945026398
-0.05071501061320305
0.007058081682771444
0.01602276973426342
-0.015774553641676903
-5.8710314312109515e-36
0.02911573275923729
-0.006364317145198584
2.921961729076814e-36
0.03444909304380417
-0.027017489075660706
-0.008484157733619213
3.266965267366958e-36
-0.04489220306277275
0.02565661445260048
0.03129267692565918
3.1656321065294045e-37
0.019564157351851463
0.058570537716150284
2.5767813805516357e-37
-2.766446208446207e-36
-0.004204925615340471
0.020969955250620842
-0.002915126271545887
-0.006770851090550423
0.006498279049992561
-1.2235560631309247e-36
-0.012117904610931873
0.0025754000525921583
-2.9905106491416344e-36
-0.014327173121273518
0.01115348469465971
0.003508445341140032
1.5066047210930768e-36
0.018566589802503586
-0.01065039075911045
-0.013086066581308842
4.112410737110376e-36
-0.008244452066719532
0.09792222827672958
-6.158876520819121e-36
3.690578734804918e-36
0.04275179281830788
-0.21764545142650604
0.03027484007179737
0.06896433234214783
-0.06767118722200394
1.8806372444793174e-36
0.12520872056484222
-0.027358828112483025
-6.123882891994044e-36
0.14804254472255707
-0.11591396480798721
-0.03647974878549576
8.848997566816848e-37
-0.19263288378715515
0.11001433432102203
0.13414312899112701
2.2949826808196613e-36
0.08397133648395538
0.25000688433647156
3.4811550604647565e-36
-7.858149960457222e-38
-0.0187930166721344
0.09554487466812134
-0.013297723606228828
-0.030353233218193054
0.029712237417697906
9.195594953190703e-37
-0.05495742708444595
0.011972644366323948
4.800686571095123e-36
-0.06500372290611267
0.050881266593933105
0.015984322875738144
-4.224002344379355e-38
0.08456318825483322
-0.048360344022512436
-0.058877602219581604
-5.756036170865617e-36
-0.03687988221645355
0.09297312796115875
0.1681666225194931
0.2955347001552582
4.745876833164009e-37
0.039348479360342026
0.3256129324436188
-9.292189483141296e-38
0.2104586958885193
0.07232274115085602
0.04860397055745125
0.22826866805553436
0.1466936618089676
-8.10930580525693e-38
0.23873813450336456
0.2513200342655182
-0.006757142022252083
-7.3516933421042095e-37
-0.03828711435198784
0.01576029509305954
-0.16450412571430206
0.07207585126161575
0.12811993062496185
0
4
