2
1
2
20
20
0.06198402866721153
0.10222473740577698
0.05160459876060486
0.06772826611995697
0.11168801039457321
0.05639685317873955
-0.004670790396630764
-0.009040195494890213
0.36503320932388306
-0.005039988551288843
-0.00976355466991663
0.4207685589790344
-2.6769135949740996e-36
-2.0398147055192244e-36
-0.0002158940042136237
-0.0067171938717365265
-0.01304601226001978
0.5648825168609619
-0.004014627076685429
-0.007738861721009016
0.34885528683662415
-0.001986323855817318
-0.0038548260927200317
0.22765813767910004
-0.003260481171309948
-0.006396266631782055
0.3005366325378418
-0.005730749573558569
-0.010876931250095367
0.5618999600410461
-0.004727765452116728
-0.009215585887432098
0.5061992406845093
0.15216512978076935
0.2808973491191864
0.11790534108877182
-3.492039001689106e-36
1.6408936864769475e-36
-0.05552481859922409
-0.004947431851178408
-0.009591667912900448
0.5223603844642639
-0.005622102413326502
-0.01090266928076744
0.5244383215904236
-0.004993257112801075
-0.009637179784476757
0.3772762417793274
-0.005443132948130369
-0.010493175126612186
0.30495330691337585
-0.007162737660109997
-0.01394940260797739
0.3924510180950165
-0.005610337946563959
-0.010750191286206245
0.3730922043323517
0.06664203852415085
0.10989250242710114
0.05549139156937599
-1.7701330914538673e-34
-6.8617205208946315e-34
7.756340125764761e-20
-8.141996417768302e-34
6.7324492335207875e-12
4.4802426742499013e-13
-8.066701412823327e-34
-1.15080437312811e-15
2.661254272506852e-10
2.671394478967682e-16
1.7787346049141726e-35
-4.160878527328939e-34
-8.49272719785521e-34
-8.534126535381486e-26
1.23344620141816e-16
-5.1277607160393757e-11
6.304133236564722e-26
-6.461621069320245e-07
2.086157246949938e-09
-7.0054260828150985e-34
-0.06240002065896988
-7.5242144433386875e-34
-4.850502032870508e-34
8.21694979466757e-34
-8.582795779067121e-34
-8.644383417855555e-34
-9.200271022939568e-34
-9.476673596267303e-35
4.242004627102466e-34
6.585264466109233e-27
3.351176183117937e-24
6.636954980757871e-34
7.564935220690102e-34
-8.599141808617022e-35
-8.037564764957281e-34
1.6163810706368267e-34
-7.972705027440738e-34
8.589861602141517e-34
-8.37018374849191e-34
6.778082224276186e-24
4.4592854595079796e-35
-0.036990538239479065
-5.4200212398267325e-34
-1.5363704277585086e-34
1.0059773563175897e-16
8.175316943902512e-32
2.6372518671297135e-19
7.030712527504721e-34
6.912725496283299e-34
7.140355844722708e-34
1.2739224120039694e-09
-2.8849369074213094e-11
4.461613144952474e-34
-6.643662645397251e-34
8.00380419985968e-34
8.134069179806775e-19
4.261547679862367e-34
7.1484387459170535e-34
3.9819280901242716e-16
2.93205264512153e-08
2.1651911197295703e-07
6.268613366750227e-34
-0.11038263887166977
-0.8115520477294922
-0.8870776891708374
0.08052337914705276
0.08973619341850281
-4.5500826217903523e-07
0.12287008762359619
0.07153540849685669
0.036230724304914474
0.059748150408267975
0.10916052013635635
0.08672904223203659
-2.1633012294769287
-8.35722208656417e-34
0.08930276334285736
0.10167618840932846
0.08769096434116364
0.09023849666118622
0.11516695469617844
0.0944630429148674
-0.8727524876594543
0.29711806774139404
-0.9797539710998535
-1.0705302953720093
0.11411372572183609
0.12189918011426926
-0.00030798118677921593
0.16519512236118317
0.09304722398519516
0.04649168252944946
0.08438427001237869
0.115089550614357
0.11115896701812744
-2.657149314880371
-8.496806530594548e-34
0.11341172456741333
0.1329248696565628
0.11515353620052338
0.1284608691930771
0.19173850119113922
0.12401661276817322
-1.052978277206421
0.2534223198890686
-7.87837803427198e-34
2.199420414131801e-34
6.99355643236407e-30
6.552968894045244e-35
1.4451526997652508e-12
-5.652551759993685e-09
-1.8554542391858851e-22
7.332142532012753e-11
1.3654650742145704e-15
-8.612577112116196e-34
-7.10288237051544e-34
7.124001320389412e-34
-8.621212403819932e-34
-6.9727877474805485e-34
5.691279478942102e-12
-2.1127577909396678e-08
-8.148845509071765e-34
3.376294898771448e-06
-1.1099690206200987e-15
-1.3589884450137956e-34
-0.058934908360242844
0.5055134296417236
0.5521254539489746
-0.031792692840099335
-0.032990626990795135
-1.1154044945701005e-13
-0.04202156513929367
-0.026027457788586617
-0.011011608876287937
-0.02077493630349636
-0.03186817094683647
-0.02541198395192623
1.329559564590454
8.529892104795387e-34
-0.026825712993741035
-0.03343292698264122
-0.03409392759203911
-0.04202171787619591
-0.05434859171509743
-0.039995305240154266
0.5433079600334167
0.19225196540355682
8.523357090888784e-34
-7.6472854876274154e-34
-2.2702639149004142e-20
3.3697153642592796e-31
1.7263410700962822e-09
1.9906751802523104e-08
-2.165203569590735e-18
-8.201003764973791e-10
-8.551134106360436e-11
-7.049809903734864e-15
-8.18159680206659e-34
6.8747124885361025e-34
8.26901960263419e-34
1.5826678270548593e-18
-7.285499287190689e-11
2.779508747607906e-07
-5.0630510381523607e-26
3.390275378478691e-05
2.60539395613435e-10
7.767805341832874e-34
-0.05913420394062996
-0.5332432389259338
-0.5825565457344055
0.042483821511268616
0.0461004413664341
-1.9213775535875666e-12
0.06149371340870857
0.03659740462899208
0.01788117177784443
0.029648594558238983
0.05237191170454025
0.043336398899555206
-1.3991912603378296
7.674923380196163e-34
0.04545389488339424
0.05149303749203682
0.04533242806792259
0.04951632395386696
0.06592553108930588
0.05136694386601448
-0.5732956528663635
0.3237115144729614
-7.561838527759655e-34
-5.12314784563916e-34
7.622871939328775e-34
7.4078634614813205e-34
7.56835150114718e-34
6.734077905607159e-34
5.968480271626526e-34
7.286922541525977e-34
4.903278000042699e-19
8.534550353584943e-20
6.878481876475907e-34
5.402701524428816e-34
2.0863628827554e-34
1.8524054502373143e-27
-5.419501450918478e-34
5.8534641187058155e-34
7.634933154216685e-34
3.1179426525640376e-25
1.7847416185451208e-15
-7.73027584797295e-34
-0.05529271438717842
5.6562712679355304e-34
5.490408096679544e-35
6.888321590711755e-34
-3.7028914641579306e-34
7.516931888493359e-34
-3.6840647282680616e-34
-1.5792307425816643e-34
7.286845858886685e-34
7.552722018056051e-34
7.268512279611185e-34
4.463969643783888e-34
-6.823212519823143e-34
-1.6863811852564429e-34
3.085847847117426e-34
5.008839285216347e-34
5.820057120268423e-34
5.518263639374186e-34
7.698146281287115e-34
7.428454816429865e-34
-8.637752895032948e-35
-0.33647581934928894
9.948601287755095e-35
5.496197865534825e-34
-2.9916331228427217e-34
5.151200375473061e-34
-8.611929671868282e-34
8.263914467402767e-34
-8.407566305557981e-34
8.274863095254722e-34
-1.0957989332845317e-34
1.9619834122351612e-34
-1.576266751943165e-34
-7.888554899573099e-35
-7.078628615980114e-34
-6.228494571076127e-34
2.554337653064315e-33
-5.681694939207436e-23
-7.030633089800544e-34
8.629132297008597e-34
-1.1768801484593116e-34
-6.57933279869354e-34
-0.04233973100781441
6.898470101803434e-35
-4.5130272474765255e-34
8.141311492411169e-23
6.749894273932969e-34
1.2902183390683247e-13
5.1173800440229567e-14
7.742972105316792e-34
1.4065862209329414e-17
1.1179761109925135e-11
2.0776908712273002e-22
-9.78965654360217e-34
-6.94484679777448e-34
-8.311207911214209e-34
7.616514167929757e-34
5.232403666125202e-20
-1.2354596512498262e-10
5.847043385066956e-28
2.720836675962346e-07
1.2311818231580673e-10
-1.48026123549338e-34
-0.0640241950750351
-0.816740095615387
-0.8916277885437012
0.08700602501630783
0.0911828875541687
-2.4748431314947084e-05
0.11707101762294769
0.0736117959022522
0.0372292697429657
0.05607464164495468
0.11329825222492218
0.08736006915569305
-2.1887166500091553
-8.426187789113937e-34
0.0928480252623558
0.1020200327038765
0.09175515174865723
0.09980179369449615
0.14991560578346252
0.11820652335882187
-0.877547025680542
0.25879156589508057
-0.6615814566612244
-0.7227490544319153
0.053291987627744675
0.05790020525455475
-2.8294831200564483e-17
0.07715173065662384
0.04594064876437187
0.022271348163485527
0.036994434893131256
0.06549376994371414
0.05432095751166344
-1.7367786169052124
-6.94249259483047e-35
0.05693025514483452
0.06464626640081406
0.05679130181670189
0.062229763716459274
0.07958691567182541
0.06348470598459244
-0.7112352848052979
0.4263804256916046
-5.414118054133697e-35
-5.252316307695298e-34
2.350070805860476e-34
-8.1000395346386e-34
-2.0680234489670195e-36
-4.029259435057825e-34
1.1210747020977255e-34
8.773133339637953e-35
-6.432283965535441e-34
-7.715694207892984e-34
7.192887814823742e-35
-4.0348981345219256e-34
-1.6756778729735992e-34
1.614847303056618e-34
-6.14013137502787e-34
3.058188143618341e-34
7.838527857424143e-34
-7.868667348908235e-34
-3.6630709042576044e-34
-7.029180711428805e-36
0.0
-0.7673551440238953
-0.8387901186943054
0.0684191957116127
0.07410769164562225
-1.1915649023030994e-11
0.09756580740213394
0.05868501588702202
0.028825750574469566
0.04808703064918518
0.08756545186042786
0.07000188529491425
-2.0371313095092773
-2.882653374481661e-35
0.07529769837856293
0.08257538080215454
0.07147679477930069
0.07878188043832779
0.0978267639875412
0.0781969502568245
-0.8253415822982788
0.35481253266334534
-0.9533380270004272
-1.0414118766784668
0.09972456097602844
0.10785794258117676
-4.4033727135683876e-06
0.14618359506130219
0.08740591257810593
0.04311097413301468
0.07145517319440842
0.1337711215019226
0.10323623567819595
-2.5701191425323486
-8.498696505105479e-34
0.10335800796747208
0.12114643305540085
0.1105629950761795
0.11517715454101562
0.14348983764648438
0.09346063435077667
-1.0249577760696411
0.30425357818603516
0.18743450939655304
0.20479397475719452
-0.012980206869542599
-0.013732662424445152
-5.3333434297927e-23
-0.01791471801698208
-0.010883732698857784
-0.005025467835366726
-0.00880676880478859
-0.01428134273737669
-0.01175569649785757
0.4906981885433197
7.829660795886979e-35
-0.012283970601856709
-0.014601491391658783
-0.013929053209722042
-0.016217155382037163
-0.021223532035946846
-0.01596651040017605
0.20147474110126495
0.07983992993831635
-0.7880412936210632
-0.8606719374656677
0.0784473866224289
0.0876227393746376
-2.5667099180282094e-05
0.11540890485048294
0.0706147775053978
0.03502606973052025
0.05261798948049545
0.08489145338535309
0.0838441252708435
-2.1264214515686035
-8.65047853973556e-34
0.09199301898479462
0.10066106915473938
0.08800756186246872
0.09915037453174591
0.11213202029466629
0.12738017737865448
-0.8463625311851501
0.2538902163505554
-1.7380521975809962e-35
3.651626709109506e-35
-5.709257106277733e-36
0.5784908533096313
0.707295835018158
-1.7834261073311812e-35
-0.3554486036300659
-1.630765953166274e-35
0.37462127208709717
-1.2368032975784742e-35
-2.07056384837949e-35
-9.525895126320583e-36
3.3909175019399144e-35
0.5844882130622864
0.46519094705581665
1.0903469899114461e-35
0.544400155544281
0.6845412850379944
-0.13138221204280853
0.5663291215896606
0.21277089416980743
2
1
