3
1
2
20
20
0.000217711174627766
0.00019905695808120072
0.0004217090900056064
0.7957634329795837
1.1176001862622797e-05
-5.584617247222923e-05
0.0001207573659485206
0.44531431794166565
-0.001466058660298586
-0.0020241395104676485
-0.0014773090369999409
0.329375684261322
0.051295891404151917
0.0915045216679573
-0.0027267683763056993
0.006854882463812828
-0.0013601091923192143
-0.0019768408965319395
-0.0012409392511472106
1.111457347869873
2.8354261303320527e-05
-1.822775084292516e-05
0.00014571451174560934
0.4767250716686249
-0.000569676689337939
-0.0008154082461260259
-0.0005182258319109678
0.33780860900878906
0.00016265995509456843
0.00017153460066765547
0.0003126533410977572
0.530470609664917
0.04105251282453537
0.05615325644612312
0.006640125066041946
0.014448333531618118
-0.044155269861221313
-0.060930103063583374
-0.06503055989742279
0.0335862971842289
-0.0008376858895644546
-0.0012306823628023267
-0.000772030558437109
0.5347356200218201
0.0011596952099353075
0.001436752500012517
0.0015716503839939833
1.3556466102600098
0.06981668621301651
0.1032474935054779
0.07481424510478973
0.09253714233636856
0.0015260337386280298
0.0019858218729496002
0.0017825436079874635
0.9683029055595398
0.0001649310434004292
8.686199726071209e-05
-3.3198852179339156e-05
6.622861110372469e-05
0.0006384557345882058
0.0007363783661276102
0.0009516160935163498
1.0901578664779663
-0.00100051483605057
-0.001412018435075879
-0.0009721714304760098
0.3480664789676666
0.030457181856036186
0.04523678496479988
0.004958454053848982
0.009542565792798996
0.00024331334861926734
0.00020532992493826896
0.0005157459527254105
1.0863345861434937
0.05338806286454201
0.07900100946426392
0.057139430195093155
0.07057791948318481
0.06058565527200699
0.03537189960479736
0.033100154250860214
-0.28578662872314453
0.07878760993480682
0.03798030689358711
0.02709519863128662
0.040501669049263
-0.19761568307876587
0.07152210175991058
0.049715615808963776
0.1068108007311821
-0.4241350293159485
0.0840136930346489
-0.00036531034857034683
0.08589885383844376
0.02554209902882576
-0.15292806923389435
0.08254487812519073
-0.32262128591537476
0.3152044713497162
0.0913313701748848
0.06369447708129883
0.018566574901342392
-0.42023441195487976
0.08350233733654022
0.03507845476269722
0.051719531416893005
0.06947512179613113
-0.2926543653011322
0.10721053928136826
0.10237178951501846
0.16516612470149994
-0.6335574388504028
0.09649131447076797
-0.0007135994965210557
0.14097276329994202
0.016698641702532768
-0.22488611936569214
0.13160274922847748
-0.47763946652412415
0.32375025749206543
0.06977676600217819
0.03883907198905945
0.02993432991206646
-0.3353862166404724
0.10153075307607651
0.04137803614139557
0.030043503269553185
0.0470830537378788
-0.22942666709423065
0.06345586478710175
0.046986207365989685
0.12371321022510529
-0.49665284156799316
0.0818086639046669
-0.00042171162203885615
0.09909240156412125
0.03136533498764038
-0.17985305190086365
0.09657728672027588
-0.3787800967693329
0.648621141910553
0.012134670279920101
0.0024906881153583527
-0.039000771939754486
1.4058903455734253
-0.039441220462322235
0.00287629384547472
-0.014036308974027634
0.007212013006210327
0.9183582067489624
-1.409962773323059
-0.02163199707865715
0.05062824487686157
1.9080973863601685
0.045763131231069565
0.002126148669049144
0.022560905665159225
-0.026303289458155632
0.7299492955207825
0.009336065500974655
1.4638932943344116
-0.010264274664223194
0.014004794880747795
0.005240174010396004
-0.037298571318387985
1.3943783044815063
-0.02938886173069477
0.006283595226705074
-0.0132503816857934
0.012709406204521656
0.9247439503669739
-1.3898085355758667
-0.01813235878944397
0.04629872366786003
1.8959465026855469
0.07006575912237167
0.0020682201720774174
0.02946431189775467
-0.025468168780207634
0.7232587933540344
0.02170918695628643
1.454513669013977
-0.07193892449140549
0.07983969151973724
0.05003984272480011
0.054188765585422516
-0.37528935074806213
0.14692051708698273
0.04244284704327583
0.03223913908004761
0.0540592297911644
-0.2587836980819702
0.030665544793009758
0.03932402282953262
0.1427193433046341
-0.5571333765983582
0.13169169425964355
-0.0005625232006423175
0.11608310788869858
0.06520462036132812
-0.20130793750286102
0.10834760218858719
-0.42452186346054077
0.29494509100914
0.00767506193369627
0.007072572596371174
0.004383391700685024
0.07475407421588898
0.018783437088131905
0.003852024208754301
-0.007065963000059128
0.00554931303486228
0.05751267075538635
0.011833366937935352
0.007861516438424587
0.013095987029373646
0.11599805951118469
0.006545541808009148
0.00021917505364399403
0.010658979415893555
0.0010410998947918415
0.04122474789619446
0.012040493078529835
0.08696222305297852
-0.08841199427843094
0.015116622671484947
0.004705252591520548
-0.050095316022634506
1.838223934173584
-0.039959218353033066
0.005594479385763407
-0.017757123336195946
0.011598196811974049
1.2192126512527466
-1.8422999382019043
-0.026302365586161613
0.052689120173454285
2.497380495071411
0.06185478717088699
0.002690643770620227
0.0334235318005085
-0.0333964079618454
0.9562870860099792
0.018194666132330894
1.9169429540634155
-0.024814780801534653
0.05397862195968628
0.029975110664963722
0.023136796429753304
-0.2575185000896454
0.08071908354759216
0.032070863991975784
0.023206153884530067
0.03625308349728584
-0.17676383256912231
0.0471859946846962
0.03636948764324188
0.09494543075561523
-0.3815096616744995
0.0669834166765213
-0.00032552576158195734
0.07607973366975784
0.02470601163804531
-0.13814900815486908
0.0747021734714508
-0.2906174659729004
0.47238290309906006
0.00929985474795103
0.0037691707257181406
-0.02331189438700676
0.8012252449989319
-0.023986566811800003
0.004155744798481464
-0.0062659671530127525
0.005755846854299307
0.5317960977554321
-0.7600715160369873
-0.010226459242403507
0.028223935514688492
1.0957759618759155
0.06025770679116249
0.0011351450812071562
0.018237268552184105
-0.013326426967978477
0.41627925634384155
0.016333872452378273
0.8400657773017883
-0.06603854894638062
0.08591169863939285
0.03748534247279167
0.09816271811723709
-0.41222742199897766
0.091767318546772
0.0696440264582634
0.08057662099599838
0.07193735986948013
-0.28987252712249756
0.08754181116819382
0.11631939560174942
0.15436697006225586
-0.6178028583526611
0.11728040874004364
-0.0027138167060911655
0.1297709047794342
0.006880851462483406
-0.22151227295398712
0.1358240246772766
-0.46990519762039185
0.2581138014793396
0.008109482005238533
0.004261623602360487
0.004753326531499624
-0.00042266835225746036
0.013355908915400505
0.003604087047278881
0.003918791655451059
0.0053305006586015224
-0.0001781356695573777
0.018594663590192795
0.008219280280172825
0.013760081492364407
-1.375222382193897e-05
0.00941657368093729
-2.1956102500553243e-06
0.011071010492742062
0.0082255182787776
-0.00015469675417989492
0.010953758843243122
-1.1430614904384129e-05
-0.09182365983724594
0.10845595598220825
0.08420094847679138
0.07161790877580643
-0.5094852447509766
0.1843719780445099
0.06448972970247269
0.05796545371413231
0.08991797268390656
-0.3539367914199829
0.048385195434093475
0.03238545358181
0.1919882446527481
-0.7603108286857605
0.18930213153362274
-0.006462695077061653
0.1671828180551529
0.1071791872382164
-0.2744580805301666
0.1485678106546402
-0.5787155628204346
0.26780882477760315
0.024235054850578308
0.0069723958149552345
-0.08131947368383408
2.619744062423706
-0.06197807937860489
0.008457709103822708
-0.028757261112332344
0.017602892592549324
1.7309762239456177
-2.6082522869110107
-0.043016914278268814
0.0886988416314125
3.5646541118621826
0.09428799152374268
0.0036593731492757797
0.05724330618977547
-0.05397787317633629
1.3569563627243042
0.02954268455505371
2.732252836227417
-0.06309012323617935
0.10785551369190216
0.060876715928316116
0.0473196841776371
-0.5375106930732727
0.1547679901123047
0.06464165449142456
0.04746223986148834
0.07400421798229218
-0.36587363481521606
0.10450819134712219
0.07368200272321701
0.19071415066719055
-0.7976966500282288
0.12624797224998474
-0.0005007880972698331
0.15362955629825592
0.04947899654507637
-0.2875688672065735
0.14745916426181793
-0.6072440147399902
1.1558780670166016
0.06064674258232117
0.035796381533145905
0.046317897737026215
-0.2861362397670746
0.09718222171068192
0.027944328263401985
0.060399167239665985
0.04333323985338211
-0.20387275516986847
0.042875614017248154
0.019505148753523827
0.1092565655708313
-0.4287075698375702
0.06438049674034119
-0.0002631204843055457
0.09282669425010681
0.027359964326024055
-0.15340887010097504
0.07854145765304565
-0.324939101934433
0.3075503408908844
0.07840991020202637
0.042320430278778076
0.0772252306342125
-0.37075600028038025
0.10555748641490936
0.046807777136564255
0.03133811429142952
0.05244498699903488
-0.25469496846199036
0.029753299430012703
0.04656883701682091
0.1448451429605484
-0.5589565634727478
0.13455739617347717
-0.00046700259554199874
0.11907505244016647
0.04046722874045372
-0.1987115740776062
0.11005618423223495
-0.4231202304363251
0.38014665246009827
0.11679217219352722
0.05537188798189163
0.14635862410068512
-0.5146530866622925
0.09171881526708603
0.06659708172082901
0.05434737354516983
0.09389593452215195
-0.35875678062438965
0.2031659334897995
0.04363895580172539
0.20851671695709229
-0.7747241258621216
0.0859617367386818
0.00028257982921786606
0.17028209567070007
0.09146188199520111
-0.275016188621521
0.13167597353458405
-0.583503782749176
0.26470550894737244
0.07004478573799133
0.03876497969031334
0.05121051147580147
-0.32482320070266724
0.1041070967912674
0.040739741176366806
0.022991174831986427
0.04728616774082184
-0.22315043210983276
0.12129512429237366
0.03277730569243431
0.12821917235851288
-0.4851755201816559
0.06973107904195786
-0.0004109945148229599
0.10121536254882812
0.037933334708213806
-0.17450222373008728
0.09767048060894012
-0.36916273832321167
0.3537134528160095
0.08713790029287338
0.041633378714323044
0.042003415524959564
-0.4170500636100769
0.17130888998508453
0.07702195644378662
0.01369447261095047
0.05521383509039879
-0.29119858145713806
0.1453690230846405
0.10315033793449402
0.1566224843263626
-0.6191323399543762
0.07429879158735275
0.00046962479245848954
0.12487734109163284
0.08023261278867722
-0.22341331839561462
0.136809840798378
-0.47267934679985046
0.28804418444633484
0.235345721244812
0.3446287512779236
0.2769562005996704
-1.0871833562850952
-1.0784515142440796
0.307833731174469
-0.0601443387567997
-1.4195740222930908
0.21274539828300476
-0.6201333403587341
0.33797505497932434
-0.0025111509021371603
0.41729453206062317
-2.015314817428589
0.44333913922309875
0.23458631336688995
0.3052237629890442
0.4207477569580078
0.26778644323349
0.34207913279533386
0.25710630416870117
3
1
