2
1
2
20
20
0.028448062017560005
-0.15963375568389893
0.06014728546142578
-9.861480793915689e-05
2.0689976736321114e-05
-5.194100856781006
0.028296301141381264
-0.15877902507781982
0.05980938300490379
-0.02414291352033615
0.13518579304218292
-0.053347378969192505
0.02704130858182907
-0.1517006754875183
0.0570056214928627
-0.02311970293521881
0.129330113530159
-0.05126792937517166
-0.026022164151072502
0.14588047564029694
-0.05719761550426483
0.020399995148181915
-0.11377514898777008
0.04169030115008354
-0.025535957887768745
0.14312048256397247
-0.05619820952415466
0.023260626941919327
-0.1302141547203064
0.04841046407818794
-0.025563450530171394
0.1432766616344452
-0.05625465139746666
-0.02520911395549774
0.1412625014781952
-0.05552756041288376
-0.01823921874165535
0.1013917401432991
-0.04173634573817253
-3.885150363203138e-06
-0.0010176529176533222
-5.126220703125
0.015972265973687172
-0.0886523425579071
0.030806150287389755
0.019868120551109314
-0.11072146147489548
0.0404178723692894
-0.023584473878145218
0.1319928616285324
-0.05221074819564819
0.028235606849193573
-0.1584370732307434
0.0596742108464241
-0.023539064452052116
0.1317329704761505
-0.0521184466779232
-0.025133391842246056
0.14083164930343628
-0.05537232756614685
0.5040618181228638
9.918116847984493e-05
0.5013608336448669
-0.4266585409641266
0.47900262475013733
-0.4082518219947815
-0.4603367745876312
0.35964885354042053
-0.4516381025314331
0.411283940076828
-0.45213040709495544
-0.44578537344932556
-0.3204231262207031
9.91406268440187e-05
0.28053414821624756
0.35005900263786316
-0.4166193902492523
0.5002802014350891
-0.41580209136009216
-0.4444284439086914
0.42450064420700073
0.44410067796707153
0.00010347663919674233
0.44172292947769165
-0.37566494941711426
0.42203986644744873
-0.3594571650028229
-0.4053176939487457
0.3169451653957367
-0.3976590037345886
0.362415611743927
-0.3980924189090729
-0.3925057351589203
-0.2821102440357208
0.00010374429984949529
0.24726474285125732
0.30849966406822205
-0.3668251633644104
0.4407716989517212
-0.3661055862903595
-0.3913111090660095
0.3715340793132782
-0.7002999782562256
-9.288632281823084e-05
-0.6965416073799133
0.5924791693687439
-0.6654364466667175
0.566889226436615
0.6393117904663086
-0.49949926137924194
0.627214252948761
-0.5712657570838928
0.6278986930847168
0.6190747022628784
0.44483762979507446
-9.33015180635266e-05
-0.3895935118198395
-0.4861738681793213
0.5785213708877563
-0.6950387954711914
0.5773854851722717
0.6171878576278687
-0.5912139415740967
0.47708454728126526
0.00010115654731635004
0.4745289385318756
-0.4036901593208313
0.45337554812431335
-0.3862732946872711
-0.43555596470832825
0.34044143557548523
-0.42732560634613037
0.3893011212348938
-0.42779117822647095
-0.42178764939308167
-0.30316346883773804
0.0001013078071991913
0.26557350158691406
0.33136671781539917
-0.3941909074783325
0.4735068082809448
-0.3934175968170166
-0.42050376534461975
0.4005398750305176
0.4401974380016327
0.00010360786836827174
0.4378407299518585
-0.3723522126674652
0.41833174228668213
-0.3562873303890228
-0.40174323320388794
0.3141638934612274
-0.39415228366851807
0.3592334985733032
-0.39458170533180237
-0.38904428482055664
-0.2796221077442169
0.00010390716488473117
0.24509704113006592
0.3057928681373596
-0.36359041929244995
0.436897873878479
-0.36287721991539
-0.38786032795906067
0.3681195080280304
-0.7096347212791443
-9.04816115507856e-05
-0.7058253288269043
0.6006070375442505
-0.674297034740448
0.5746694803237915
0.6480756402015686
-0.5061101317405701
0.635813295841217
-0.5788484811782837
0.6365069150924683
0.6275632381439209
0.4509666860103607
-9.084813063964248e-05
-0.39471936225891113
-0.492604523897171
0.5864599943161011
-0.7043018341064453
0.5853081941604614
0.625650942325592
-0.6004806160926819
0.4649331271648407
0.00010205509897787124
0.4624430239200592
-0.39335891604423523
0.44183140993118286
-0.3763878047466278
-0.4244089722633362
0.33178675174713135
-0.4163893461227417
0.3793973922729492
-0.4168429970741272
-0.41099318861961365
-0.2954016327857971
0.0001022641736199148
0.2588304877281189
0.32294392585754395
-0.3841027319431305
0.4614468812942505
-0.3833492696285248
-0.40974223613739014
0.38982143998146057
0.3070119321346283
0.00010306881449650973
0.30537018179893494
-0.2596142292022705
0.29178017377853394
-0.24841828644275665
-0.2800942063331604
0.2191845178604126
-0.2748051881790161
0.25060027837753296
-0.27510443329811096
-0.2712460458278656
-0.19497285783290863
0.00010459589248057455
0.1710250824689865
0.21334853768348694
-0.25350815057754517
0.3047136068344116
-0.2530110776424408
-0.2704209089279175
0.25278136134147644
0.35246390104293823
0.000104983126220759
0.3505784869194031
-0.2980388104915619
0.33497118949890137
-0.28518301248550415
-0.32155641913414
0.25161200761795044
-0.31548261642456055
0.28768330812454224
-0.31582629680633545
-0.3113957941532135
-0.2238197922706604
0.00010596961510600522
0.19632214307785034
0.2449115365743637
-0.2910272777080536
0.34982436895370483
-0.2904565632343292
-0.3104482889175415
0.29200899600982666
-0.707137405872345
-9.102612239075825e-05
-0.7033413052558899
0.5984315872192383
-0.6719261407852173
0.572587251663208
0.645729660987854
-0.5043414235115051
0.6335119605064392
-0.5768199563026428
0.6342030763626099
0.6252912282943726
0.44932612776756287
-9.145892545348033e-05
-0.39334794878959656
-0.4908841550350189
0.5843353867530823
-0.701823353767395
0.5831877589225769
0.6233856081962585
-0.5979974865913391
0.49701201915740967
9.96401795418933e-05
0.49434903264045715
-0.4206518828868866
0.4723057746887207
-0.40250399708747864
-0.45385628938674927
0.3546302318572998
-0.44528016448020935
0.40554001927375793
-0.44576531648635864
-0.43950948119163513
-0.3159090280532837
9.964867786038667e-05
0.27662575244903564
0.34517529606819153
-0.4107539653778076
0.49328380823135376
-0.40994808077812195
-0.43817171454429626
0.4182164967060089
-0.7050018906593323
-9.172573481919244e-05
-0.7012172341346741
0.5965707898139954
-0.669899582862854
0.570806086063385
0.6437236666679382
-0.5028291344642639
0.6315436363220215
-0.5750854015350342
0.6322325468063354
0.6233482360839844
0.44792303442955017
-9.212358418153599e-05
-0.39217570424079895
-0.4894130527973175
0.5825178623199463
-0.6997038722038269
0.5813744068145752
0.6214485168457031
-0.5958713293075562
-0.7028498649597168
-9.221196523867548e-05
-0.699077308177948
0.5946984887123108
-0.6678566932678223
0.5690132975578308
0.6417047381401062
-0.5013047456741333
0.6295624375343323
-0.5733368396759033
0.6302493810653687
0.6213923096656799
0.4465112090110779
-9.261957166017964e-05
-0.3909936845302582
-0.48793044686317444
0.5806890726089478
-0.6975682973861694
0.5795486569404602
0.619498610496521
-0.5937417149543762
0.48153233528137207
0.00010104761167895049
0.4789527356624603
-0.40747395157814026
0.457600861787796
-0.3898940086364746
-0.43963831663131714
0.34360891580581665
-0.4313308000564575
0.39292606711387634
-0.43180087208747864
-0.425741046667099
-0.30600643157958984
0.00010111425945069641
0.26804110407829285
0.33444929122924805
-0.397885799407959
0.4779210388660431
-0.39710506796836853
-0.4244452118873596
0.4044745862483978
-0.7044601440429688
-9.181541827274486e-05
-0.700678825378418
0.5961005091667175
-0.6693853735923767
0.5703548192977905
0.6432161927223206
-0.5024455189704895
0.6310450434684753
-0.5746451020240784
0.6317337155342102
0.622856855392456
0.44756799936294556
-9.222201333614066e-05
-0.3918780982494354
-0.4890398681163788
0.5820578932762146
-0.6991664171218872
0.5809151530265808
0.6209582090377808
-0.5953376889228821
0.43614161014556885
0.00010383423796156421
0.43380677700042725
-0.36891061067581177
0.4144783020019531
-0.3529942035675049
-0.3980296552181244
0.3112737238407135
-0.3905089795589447
0.35592707991600037
-0.3909343183040619
-0.3854483366012573
-0.2770370841026306
0.00010414158168714494
0.24284431338310242
0.30298006534576416
-0.36022982001304626
0.4328727126121521
-0.35952311754226685
-0.38427507877349854
0.3645738959312439
0.45916199684143066
0.00010266662866342813
0.4567030668258667
-0.38845494389533997
0.4363488554954529
-0.37169522047042847
-0.41911780834198
0.32767581939697266
-0.411198228597641
0.37469348311424255
-0.41164630651474
-0.40586939454078674
-0.291717529296875
0.00010285094322171062
0.25562727451324463
0.3189431130886078
-0.37931400537490845
0.45571938157081604
-0.3785700500011444
-0.404634028673172
0.3847435414791107
0.49388495087623596
9.993829007726163e-05
0.49123889207839966
-0.41798853874206543
0.4693352282047272
-0.3999553620815277
-0.45098263025283813
0.3524041175842285
-0.44246068596839905
0.40299198031425476
-0.4429430365562439
-0.4367266595363617
-0.3139074444770813
9.998089808505028e-05
0.2748919725418091
0.343008816242218
-0.40815305709838867
0.49018022418022156
-0.40735238790512085
-0.4353974461555481
0.4154333472251892
-0.7097908854484558
-9.047779894899577e-05
-0.7059807777404785
0.6007430553436279
-0.6744451522827148
0.5748000741004944
0.6482218503952026
-0.5062206983566284
0.6359571218490601
-0.5789754390716553
0.6366511583328247
0.6277052164077759
0.45106932520866394
-9.086473437491804e-05
-0.3948048949241638
-0.4927120804786682
0.586592972278595
-0.7044565677642822
0.5854412317276001
0.6257925629615784
-0.6006361842155457
0.4986826479434967
9.95486625470221e-05
0.49601057171821594
-0.4220753312110901
0.4738927483558655
-0.40386608242988586
-0.45539188385009766
0.35581961274147034
-0.44678664207458496
0.40690097212791443
-0.44727352261543274
-0.44099658727645874
-0.3169786036014557
9.95445589069277e-05
0.27755191922187805
0.34633269906044006
-0.4121437966823578
0.494941771030426
-0.41133540868759155
-0.43965429067611694
0.4197051525115967
1.5855121612548828
1.3951466083526611
-2.213846445083618
1.4997764825820923
1.3827784061431885
-2.244046926498413
1.461206316947937
0.9621908664703369
1.1054340600967407
-2.235964298248291
1.5630927085876465
-2.2290525436401367
-2.222092628479004
1.5139015913009644
-2.227302074432373
1.3699291944503784
1.4428980350494385
1.5531514883041382
-2.244551420211792
1.5684053897857666
-1.3447515964508057
0.5
8
