3
1
2
20
20
-0.020304160192608833
0.11044862866401672
0.018204141408205032
-0.037558842450380325
-0.07903587818145752
-0.2665520906448364
-0.07867766916751862
-0.4268546402454376
0.03732755780220032
0.328946590423584
0.1458871215581894
0.46931254863739014
0.17677085101604462
-0.003993108868598938
0.5934741497039795
-0.7032774686813354
-0.4211474657058716
-0.06205739825963974
0.16158965229988098
0.7548795938491821
-0.15424787998199463
0.6743023991584778
0.10169097036123276
0.9133977890014648
0.07284686714410782
0.21160191297531128
0.07861676812171936
0.3419995605945587
0.07485458999872208
0.2110246866941452
0.05876604840159416
0.3169054687023163
0.08605320006608963
0.14214809238910675
0.06182247772812843
0.09003986418247223
0.6067777276039124
0.41354408860206604
0.12295062094926834
0.35696783661842346
0.14944018423557281
0.36410871148109436
0.16428928077220917
0.6673250794410706
0.0716373473405838
0.23692993819713593
0.2424655556678772
-0.09471265226602554
0.17414143681526184
-0.5731918215751648
0.03595350682735443
0.621650218963623
0.15232674777507782
0.3670126497745514
-0.1502656638622284
0.21094168722629547
0.1441938579082489
-0.5056017637252808
0.005827021319419146
0.5713962912559509
0.10248054563999176
0.47599560022354126
0.1877484768629074
0.8231373429298401
-0.22403612732887268
-0.2452744096517563
-0.42617908120155334
-0.9018904566764832
0.08919364213943481
0.1296120285987854
0.09997571259737015
-0.022780580446124077
-0.09821302443742752
-0.11428544670343399
-0.06659416854381561
0.08352413773536682
0.10786743462085724
-0.40528762340545654
-0.4071369767189026
-0.6507461071014404
0.1250433623790741
-0.07587722688913345
-0.199345663189888
-0.06819988042116165
0.3913358747959137
-0.4706340432167053
-0.015979602932929993
-0.06500513106584549
0.052650533616542816
0.08900976181030273
0.11678948998451233
-0.06624112278223038
-0.2823810875415802
0.2646212577819824
-0.2884375751018524
-0.0637628361582756
0.06826414912939072
-0.06968194991350174
0.057635173201560974
0.3444393575191498
0.6892751455307007
-0.03594164550304413
0.02751198410987854
0.018185628578066826
0.039113517850637436
0.14774338901042938
-0.20769904553890228
-0.008385002613067627
0.0034218844957649708
-0.05923378840088844
-0.11547909677028656
-0.05249781534075737
-0.12105464935302734
-0.10753288865089417
0.044326454401016235
-0.1985343098640442
-0.05044758319854736
0.12185506522655487
-0.04432561621069908
0.04031618684530258
0.23215001821517944
0.4535190463066101
0.02503824420273304
-0.02530338056385517
-0.0772470235824585
0.13122016191482544
0.12990373373031616
-0.4034541845321655
-0.006924585904926062
0.001759653794579208
0.004764549899846315
-0.20763081312179565
-0.04122123122215271
-0.12871213257312775
-0.2609245777130127
0.08176887035369873
-0.2523651123046875
-0.1379232257604599
0.02950228936970234
-0.02709003910422325
0.019779840484261513
0.15583501756191254
0.5294655561447144
0.002654432551935315
0.1266295611858368
-0.041070934385061264
0.12524361908435822
0.14256137609481812
-0.15877613425254822
-0.003718626219779253
-0.0017780708149075508
-0.03869178891181946
-0.21090230345726013
-0.06428180634975433
-0.10421878844499588
-0.20757968723773956
0.09557503461837769
-0.21117645502090454
-0.14136654138565063
0.06356547772884369
-0.027494972571730614
0.025038497522473335
0.16720764338970184
0.4076959192752838
0.048242270946502686
0.08433617651462555
-0.02507765032351017
0.009230260737240314
0.14705854654312134
-0.16406886279582977
-0.04549230635166168
-0.004520450718700886
-0.02982427179813385
-0.21023783087730408
-0.06806790828704834
-0.10138344764709473
-0.1026570200920105
-0.02580432780086994
-0.06407365202903748
-0.04894021898508072
0.08803744614124298
-0.045004263520240784
0.03913949429988861
0.11415545642375946
0.5049819350242615
0.030847299844026566
0.018799548968672752
0.12644100189208984
-0.02764194831252098
-0.15330342948436737
0.2775699496269226
0.009470629505813122
0.01985110342502594
0.040549810975790024
0.10463108867406845
0.03349035233259201
0.09954056143760681
0.1864021122455597
-0.09711167216300964
0.1790366768836975
0.09989536553621292
-0.09540760517120361
0.03792821243405342
-0.032526466995477676
-0.18126025795936584
-0.5263620018959045
0.03948799520730972
0.020391302183270454
0.20523646473884583
-0.07474593073129654
-0.216798797249794
0.3185291886329651
0.05261754244565964
-0.03161401301622391
0.02826930209994316
0.1471637338399887
0.040713708847761154
-0.04231693595647812
0.21967311203479767
-0.15478500723838806
0.07713379710912704
0.10296206921339035
-0.1522892713546753
0.047291070222854614
-0.06609901785850525
-0.01589304581284523
-0.37303751707077026
0.1334192156791687
0.14774763584136963
-0.15529702603816986
-0.1711798757314682
0.15519089996814728
0.01340327039361
-0.04856368526816368
-0.07070611417293549
-0.15819253027439117
-0.4644855856895447
-0.030409768223762512
-0.10373276472091675
0.07036202400922775
-0.09023908525705338
0.062101829797029495
-0.12074024975299835
-0.0850135013461113
-0.08252272009849548
0.09332551062107086
0.06966619193553925
0.2479615956544876
0.012645484879612923
0.0227512214332819
-0.08459226787090302
0.11681288480758667
0.13638240098953247
-0.3322202265262604
-0.015173645690083504
-0.009415430016815662
-0.01738571934401989
-0.16919487714767456
-0.0391310378909111
-0.0929998829960823
-0.2509114146232605
0.10957786440849304
-0.22029517590999603
-0.0921696275472641
0.0801507756114006
-0.027677657082676888
0.024325689300894737
0.20653477311134338
0.5347949266433716
0.1531291902065277
-0.3712174892425537
0.4091704785823822
0.8120563626289368
-0.23003734648227692
0.49969789385795593
0.30233192443847656
0.3127425014972687
0.23152390122413635
0.09632019698619843
0.27082589268684387
0.4221765697002411
-0.7008570432662964
0.5774344801902771
-0.6028173565864563
0.3120283782482147
0.1666170060634613
0.2214982509613037
-0.19224931299686432
-0.10556777566671371
-0.9097194671630859
-0.028010157868266106
0.027019064873456955
-0.01658696122467518
0.009722977876663208
0.17829236388206482
-0.29666587710380554
-0.037118345499038696
0.05819385498762131
-0.08249036222696304
-0.08381497859954834
-0.01985323429107666
-0.14701217412948608
-0.22843100130558014
0.09733597934246063
-0.12399943917989731
-0.07147043943405151
0.011805814690887928
-0.04963294416666031
0.04505004733800888
0.2870745360851288
0.463616281747818
-0.04675527289509773
0.07563304156064987
0.13195760548114777
-0.213474839925766
-0.20432263612747192
0.18778660893440247
-0.008534194901585579
-0.087054543197155
0.035618484020233154
0.24162116646766663
0.08675740659236908
0.01340146642178297
0.20408345758914948
-0.0951855406165123
0.3124387860298157
0.11040232330560684
-0.2255115807056427
0.016770128160715103
-0.017278745770454407
-0.21568764746189117
-0.3901909589767456
-0.007905086502432823
0.293496698141098
-0.296432226896286
0.29103583097457886
0.03405017778277397
-0.48778393864631653
-0.2006538212299347
-0.19285157322883606
-0.14777812361717224
-0.43300583958625793
-0.40574896335601807
-0.11680606007575989
-0.028840437531471252
-0.2520153522491455
0.030328786000609398
-0.5073946118354797
0.4023490846157074
-0.12909993529319763
0.11106697469949722
0.4057610332965851
-0.28558626770973206
-0.01986534893512726
0.06185967102646828
-0.04117795079946518
0.04428453370928764
0.13059870898723602
-0.28674304485321045
-0.022517165169119835
0.018988341093063354
-0.03425033763051033
-0.15126758813858032
-0.037895556539297104
-0.13366691768169403
-0.22453849017620087
0.0792393833398819
-0.1294543445110321
-0.04895980283617973
0.06181192398071289
-0.0410650297999382
0.03520435094833374
0.20670053362846375
0.4459042549133301
-0.13649298250675201
-0.07512635737657547
-0.0036357168573886156
-0.20514513552188873
-0.1953108161687851
0.3255758285522461
-0.03410857170820236
-0.05846122279763222
-0.08536889404058456
0.24233168363571167
0.008353427983820438
0.16822892427444458
0.166120246052742
-0.1318083107471466
0.2737939953804016
0.09326474368572235
-0.16230037808418274
0.03755370154976845
-0.04224887490272522
-0.17309165000915527
-0.39034828543663025
0.003635553177446127
-0.011265525594353676
-0.0006747464649379253
-0.017305200919508934
0.13824258744716644
-0.12497618794441223
-0.038157664239406586
-0.051079146564006805
-0.00998779572546482
-0.1809483766555786
-0.06011711806058884
-0.05966281145811081
-0.15405073761940002
-0.01957155577838421
-0.024099895730614662
-0.1331249624490738
0.07299770414829254
-0.04717997461557388
0.042496226727962494
0.13397686183452606
0.42591914534568787
-0.08453769236803055
-0.014063330367207527
-0.0011587945045903325
-0.24703621864318848
-0.18719522655010223
0.061602722853422165
-0.02803509682416916
-0.057961516082286835
0.0029903752729296684
0.3342447578907013
0.06853320449590683
0.03483680635690689
0.37363138794898987
-0.18246668577194214
0.34022659063339233
0.09769371896982193
-0.3071678876876831
0.026617377996444702
-0.0298966933041811
-0.1354677379131317
-0.04565923660993576
-0.13000205159187317
0.4368673861026764
-0.4583941400051117
0.20000635087490082
0.12457957118749619
-0.7138400077819824
-0.2817496657371521
-0.33306217193603516
-0.13798774778842926
-0.665684700012207
-0.6411629915237427
-0.22840511798858643
-0.13036173582077026
-0.27296182513237
-0.009345771744847298
-0.7703399658203125
0.7095715403556824
-0.22617603838443756
0.19015944004058838
0.6902638673782349
-0.39155372977256775
-0.04972246661782265
0.13412776589393616
-0.33219364285469055
0.1056370735168457
0.1425725221633911
-0.38978147506713867
-0.21352261304855347
-0.1969151794910431
-0.15845204889774323
-0.5003678798675537
-0.42022883892059326
-0.24591928720474243
-0.23232218623161316
-0.006548456382006407
-0.030346322804689407
-0.532332718372345
0.6471099257469177
-0.18192195892333984
0.13912168145179749
0.47444912791252136
-0.29080289602279663
0.059214506298303604
-0.1394040435552597
0.013621211051940918
0.0762912929058075
0.002745790872722864
0.003498793812468648
-0.01893487200140953
0.07753193378448486
-0.029905838891863823
-0.04585099592804909
-0.002273554215207696
-0.05440385267138481
0.1018594354391098
-0.032168079167604446
0.06613743305206299
0.06719539314508438
0.13009890913963318
0.0012712269090116024
-0.00662129046395421
-0.08455739170312881
0.42161935567855835
0.15979237854480743
0.10097995400428772
0.1299585998058319
0.10958629846572876
0.0878991112112999
-0.11031795293092728
-0.10564852505922318
0.10749419778585434
0.12527114152908325
-0.3158216178417206
0.11499550938606262
-0.12827390432357788
0.19056008756160736
0.1104491725564003
-0.12850284576416016
0.083660788834095
-0.13789798319339752
0.3175899386405945
0.21321554481983185
-0.0020074136555194855
0.814428448677063
0
10
