3
1
2
20
20
0.16242249310016632
0.24516679346561432
0.19904887676239014
0.12220148742198944
0.4067859351634979
0.5645466446876526
0.5372983813285828
0.3345174789428711
0.3367544114589691
0.48032140731811523
0.4350191056728363
0.2639167308807373
-0.2878776788711548
-0.41893255710601807
-0.3655201494693756
-0.2172153741121292
-0.2858157157897949
-0.41661563515663147
-0.3625408411026001
-0.2144971340894699
-0.22751998901367188
-0.33815544843673706
-0.28305238485336304
-0.16284406185150146
0.42226698994636536
0.5827374458312988
0.5605653524398804
0.35007405281066895
0.415080726146698
0.5750201344490051
0.5497007966041565
0.3418724536895752
0.3162637948989868
0.4546984136104584
0.4055415689945221
0.24341337382793427
-0.1732032150030136
-0.26101112365722656
-0.21252945065498352
-0.1256336271762848
-0.26649999618530273
-0.3909462094306946
-0.3358818292617798
-0.19714410603046417
-0.22380013763904572
-0.3330012857913971
-0.2781537175178528
-0.16017739474773407
0.19210346043109894
0.2885253429412842
0.23607027530670166
0.1283312439918518
-0.2914438247680664
-0.42387816309928894
-0.3701978921890259
-0.21944068372249603
-1.0380728244781494
-1.6934969425201416
0.07922650128602982
1.2650645971298218
-0.12918376922607422
-0.19671820104122162
-0.15676365792751312
-0.0868024006485939
-0.29654452204704285
-0.43040645122528076
-0.3775799572467804
-0.2244509607553482
-0.26337456703186035
-0.4171745181083679
-0.27345412969589233
0.13402919471263885
0.37206941843032837
0.5235105156898499
0.4864712059497833
0.2996973395347595
-0.22190764546394348
-0.33032217621803284
-0.2756417691707611
-0.15866795182228088
-0.17784880101680756
-0.4503929913043976
-0.37299439311027527
0.3186120092868805
0.31630170345306396
0.25126245617866516
-0.46750807762145996
-0.45975708961486816
-0.350183367729187
0.1906057745218277
0.29482153058052063
0.24712513387203217
-0.21109455823898315
0.3223448097705841
0.9852737188339233
0.14209210872650146
0.3283059000968933
0.2938133478164673
-0.41211724281311035
0.24499918520450592
-0.5222152471542358
0.1279464066028595
0.3170126974582672
0.2634599506855011
-0.22287096083164215
-0.22128407657146454
-0.1757686883211136
0.32908105850219727
0.3240525722503662
0.24761755764484406
-0.1332186758518219
-0.20626096427440643
-0.1728537678718567
0.15122804045677185
-0.22538374364376068
-0.6897977590560913
-0.09912759065628052
-0.23003624379634857
-0.20490579307079315
0.2904181480407715
-0.1713545024394989
0.321623295545578
0.13564138114452362
0.34013617038726807
0.2821514308452606
-0.24231013655662537
-0.2406061589717865
-0.19165664911270142
0.3530729115009308
0.3474157452583313
0.26501989364624023
-0.14580942690372467
-0.2244531363248825
-0.18852494657039642
0.16078594326972961
-0.2451031655073166
-0.7465539574623108
-0.10897678136825562
-0.2498309165239334
-0.22276027500629425
0.31140848994255066
-0.18691205978393555
0.38140439987182617
0.13710203766822815
0.349231481552124
0.2889975905418396
-0.25379887223243713
-0.25203636288642883
-0.2014995962381363
0.36262089014053345
0.3566506505012512
0.271247923374176
-0.15411850810050964
-0.23537102341651917
-0.19826407730579376
0.1631729006767273
-0.25673991441726685
-0.7774522304534912
-0.11592277884483337
-0.26140037178993225
-0.2339414805173874
0.31940415501594543
-0.1965969055891037
0.43701475858688354
-0.1729424148797989
-0.43817761540412903
-0.3630388379096985
0.31166818737983704
0.3094502091407776
0.24615350365638733
-0.4547160267829895
-0.44709816575050354
-0.34085938334465027
0.1870369017124176
0.2885441780090332
0.24211956560611725
-0.2053779661655426
0.3153650462627411
0.9619367122650146
0.13962389528751373
0.32100585103034973
0.28693506121635437
-0.4010874330997467
0.2400437295436859
-0.5176166892051697
-0.17133279144763947
-0.43384024500846863
-0.3592374920845032
0.30770474672317505
0.3055022656917572
0.24294808506965637
-0.45035406947135925
-0.44285985827445984
-0.3372800052165985
0.18451066315174103
0.28484442830085754
0.23896223306655884
-0.20338280498981476
0.3113413155078888
0.9503821134567261
0.13765530288219452
0.3169916868209839
0.2833855450153351
-0.39693355560302734
0.23690974712371826
-0.5057098865509033
0.12473593652248383
0.3086640238761902
0.25672420859336853
-0.21760642528533936
-0.21607451140880585
-0.17188043892383575
0.3201785683631897
0.31515270471572876
0.24136675894260406
-0.1304188072681427
-0.2014818638563156
-0.16906270384788513
0.1474533975124359
-0.2201438695192337
-0.6725695729255676
-0.09712857753038406
-0.22434990108013153
-0.19934868812561035
0.282967746257782
-0.16760973632335663
0.3141637146472931
0.12456951290369034
0.3077462911605835
0.255932480096817
-0.2160855382680893
-0.2145499885082245
-0.17044316232204437
0.3193398118019104
0.3144731819629669
0.24062064290046692
-0.12912651896476746
-0.19998610019683838
-0.1676356941461563
0.14717158675193787
-0.21855972707271576
-0.6685220003128052
-0.09607905149459839
-0.22294734418392181
-0.1983175128698349
0.28206586837768555
-0.16619037091732025
0.30521488189697266
0.13538403809070587
0.33729854226112366
0.2796919047832489
-0.23681607842445374
-0.23510456085205078
-0.1867089569568634
0.3502722978591919
0.3450263738632202
0.2627190053462982
-0.14146403968334198
-0.21913494169712067
-0.18362145125865936
0.1601213961839676
-0.23947297036647797
-0.7324464917182922
-0.10533174872398376
-0.2444775402545929
-0.21809376776218414
0.3085951507091522
-0.18203438818454742
0.3491917550563812
0.09242726862430573
0.2267896980047226
0.18919414281845093
-0.16119350492954254
-0.16009780764579773
-0.12776201963424683
0.23506377637386322
0.23130929470062256
0.17802956700325012
-0.09727103263139725
-0.14942650496959686
-0.12569445371627808
0.10918772220611572
-0.1631333827972412
-0.4963577091693878
-0.07255339622497559
-0.16598773002624512
-0.1464889794588089
0.20829258859157562
-0.12462372332811356
0.202041357755661
0.12221470475196838
0.3073681890964508
0.25533372163772583
-0.22296257317066193
-0.22144287824630737
-0.17709313333034515
0.3188255727291107
0.3135761618614197
0.23991192877292633
-0.1353893131017685
-0.2068103551864624
-0.1742553859949112
0.14516811072826385
-0.22560670971870422
-0.6832771301269531
-0.10168307274580002
-0.22950051724910736
-0.20455963909626007
0.28174304962158203
-0.1727895438671112
0.36600053310394287
-0.18634499609470367
-0.47111254930496216
-0.39003264904022217
0.3300360143184662
0.3275895416736603
0.2596126198768616
-0.48912742733955383
-0.4810490906238556
-0.3661934435367584
0.19638964533805847
0.30513957142829895
0.2552930414676666
-0.22095245122909546
0.33385059237480164
1.0245989561080933
0.14596708118915558
0.34026631712913513
0.30502960085868835
-0.4309510588645935
0.2530777156352997
-0.5275862812995911
0.12524931132793427
0.3089495599269867
0.2568883001804352
-0.21592557430267334
-0.2143869549036026
-0.1702103465795517
0.3206344544887543
0.31576260924339294
0.24150706827640533
-0.12883442640304565
-0.199798583984375
-0.1673949509859085
0.14787471294403076
-0.218398779630661
-0.6692448258399963
-0.09572526067495346
-0.22281990945339203
-0.19806507229804993
0.2830982804298401
-0.16594545543193817
0.2990969121456146
0.1250549703836441
0.309983491897583
0.2577580511569977
-0.21894116699695587
-0.21739943325519562
-0.1729695349931717
0.32163211703300476
0.3165555000305176
0.2422974407672882
-0.13129805028438568
-0.2027311623096466
-0.17013385891914368
0.14788666367530823
-0.22148022055625916
-0.6762669086456299
-0.09784449636936188
-0.22575712203979492
-0.20071271061897278
0.2841424345970154
-0.16867206990718842
0.3196032643318176
-0.1882556527853012
-0.47174516320228577
-0.3905632197856903
0.32454797625541687
0.32205837965011597
0.2543639838695526
-0.49003520607948303
-0.4822980761528015
-0.36673375964164734
0.19142365455627441
0.299692839384079
0.250104159116745
-0.22257205843925476
0.328233927488327
1.0122134685516357
0.1416272222995758
0.33497899770736694
0.3001568615436554
-0.4312972128391266
0.247923344373703
-0.4838729500770569
-0.1827942579984665
-0.4597408175468445
-0.3804135322570801
0.3186231553554535
0.3162514865398407
0.25034037232398987
-0.47747576236724854
-0.46978724002838135
-0.35713663697242737
0.1889306604862213
0.2944788932800293
0.24616333842277527
-0.21634896099567413
0.322310209274292
0.9916262626647949
0.14006298780441284
0.3286374807357788
0.29390567541122437
-0.42029690742492676
0.2440204918384552
-0.4874051809310913
0.12862901389598846
0.32223549485206604
0.267598956823349
-0.2310575246810913
-0.2294563502073288
-0.18306885659694672
0.33429375290870667
0.3288959562778473
0.2514517605304718
-0.13954535126686096
-0.21415038406848907
-0.18009935319423676
0.15254560112953186
-0.2337600588798523
-0.7107163071632385
-0.10444774478673935
-0.2380446493625641
-0.21206390857696533
0.2952425181865692
-0.1785673052072525
0.36700454354286194
0.13682210445404053
0.3443755507469177
0.28517910838127136
-0.24523021280765533
-0.2434953898191452
-0.1939607560634613
0.35764676332473755
0.3520185649394989
0.26776760816574097
-0.14762374758720398
-0.22715909779071808
-0.1907833069562912
0.1622534990310669
-0.24801969528198242
-0.7558274269104004
-0.11035358160734177
-0.25295042991638184
-0.2257525473833084
0.3149360418319702
-0.18914847075939178
0.3887519836425781
0.07496520131826401
0.182869091629982
0.15266723930835724
-0.12953287363052368
-0.12865224480628967
-0.10261557996273041
0.18953867256641388
0.1865863800048828
0.14370594918727875
-0.07807648181915283
-0.12005919218063354
-0.10094527155160904
0.0884469524025917
-0.13106904923915863
-0.3990837335586548
-0.05816516652703285
-0.13347557187080383
-0.11748813837766647
0.16798414289951324
-0.10007981210947037
0.1218629851937294
-0.1622219830751419
-0.41190943121910095
-0.34149056673049927
0.29678282141685486
0.29470670223236084
0.23502029478549957
-0.4273615777492523
-0.4201503396034241
-0.3206503987312317
0.17917080223560333
0.2749977111816406
0.23120856285095215
-0.19291965663433075
0.30031818151474
0.9117300510406494
0.13423611223697662
0.3055030107498169
0.27302587032318115
-0.3772374987602234
0.2292434275150299
-0.5084790587425232
1.4111806154251099
-0.9272359609603882
-1.0120130777359009
-1.05241858959198
1.3700684309005737
1.3498852252960205
-0.9041168093681335
-0.898439347743988
-0.9932923316955566
-0.6516173481941223
-0.9129096865653992
1.4813858270645142
-0.899504542350769
-0.9088283777236938
1.4675710201263428
1.4271774291992188
-0.9561366438865662
-1.023395299911499
-0.5184489488601685
1.281813383102417
0.8033609390258789
0.5
6
