3
1
2
20
20
-0.02678067423403263
0.17138679325580597
-0.04568750411272049
0.14480799436569214
0.03467379882931709
-0.08865250647068024
-0.04303961247205734
-0.03403649479150772
-0.003375374712049961
-0.18663032352924347
-0.06067705154418945
0.194901242852211
-0.08975309133529663
-0.15740510821342468
-0.09569093585014343
0.1963898241519928
-0.03713667020201683
-0.17534281313419342
-0.06968295574188232
0.17028523981571198
0.00721708731725812
0.018068857491016388
0.016844168305397034
1.2910133600234985
0.005197261925786734
0.013853488489985466
0.012805926613509655
1.0719817876815796
0.0007904489175416529
0.001772532588802278
0.001652344479225576
0.17657358944416046
0.08923231065273285
-0.07784447073936462
0.03747592493891716
0.06508541852235794
-0.13720621168613434
-0.06615360826253891
-0.06431612372398376
0.060561664402484894
0.0086459806188941
0.021683651953935623
0.020244183018803596
1.8301078081130981
0.0014467659639194608
0.008375941775739193
0.007027901243418455
0.6733903884887695
-0.05911806598305702
0.14135849475860596
0.0290765892714262
0.05020541697740555
0.00510728545486927
0.01208870206028223
0.011395291425287724
0.945961594581604
0.005387824960052967
0.015362018719315529
0.014029961079359055
1.1218867301940918
-0.03750066086649895
-0.10131648182868958
-0.08065439760684967
0.16031187772750854
0.1565878689289093
0.1288723349571228
0.04201076179742813
0.1550537496805191
0.004169725812971592
0.015619605779647827
0.013723677024245262
1.0507076978683472
0.013349995017051697
0.02675856091082096
0.026077723130583763
1.8981797695159912
-0.013456015847623348
-0.1202416867017746
-0.0698966234922409
0.16691841185092926
0.5554529428482056
0.13931988179683685
0.43130773305892944
0.1926388144493103
0.16034626960754395
0.32074061036109924
0.2826632559299469
0.005014041904360056
0.3486061990261078
0.3204048275947571
0.40330177545547485
0.11853277683258057
0.41943642497062683
0.1961706578731537
0.3655090034008026
0.1067173182964325
-0.5505541563034058
0.27354303002357483
0.46236109733581543
0.231143519282341
0.3886337876319885
0.47083988785743713
0.13085079193115234
0.232479989528656
0.28412720561027527
0.19573035836219788
0.2670593857765198
0.24521858990192413
0.02724720910191536
0.292164146900177
0.13153858482837677
0.38615578413009644
0.12043192237615585
0.32112401723861694
0.16852539777755737
0.19472439587116241
0.16623973846435547
-0.4691537618637085
0.2509705424308777
0.38348454236984253
0.17871005833148956
0.47231587767601013
-1.0977787971496582
-0.9532420635223389
-1.6268936395645142
-1.7414580583572388
-1.624742031097412
0.18111953139305115
0.11669919639825821
-0.01009469386190176
-0.8730368614196777
-1.3732138872146606
0.20421990752220154
0.02947872504591942
-1.1367006301879883
0.10043270885944366
0.12496590614318848
-1.1372895240783691
1.4325770139694214
0.10362749546766281
0.3436028063297272
-1.1869041919708252
2.248387575149536
0.32573115825653076
0.09056059271097183
0.15009774267673492
0.17383438348770142
0.13345159590244293
0.17868003249168396
0.14260652661323547
0.022040611132979393
0.21559348702430725
0.13636626303195953
0.2447223663330078
0.08926375955343246
0.24851591885089874
0.12860766053199768
0.15273192524909973
0.08060958236455917
-0.32275015115737915
0.15019161999225616
0.26176267862319946
0.10097972303628922
0.5598061084747314
1.1337773879262988e-34
1.2149060131759702e-34
5.173830478436313e-35
3.4402099175167906e-35
9.426533424266519e-36
3.1051980453353956e-34
3.3026819572313164e-35
-1.3725035306002566e-34
-7.471310080300732e-35
-1.7256842521359188e-35
-9.078059329306139e-35
-3.9098064223317963e-35
-4.36046989167013e-35
-1.358332969159968e-34
-1.1275721782452735e-34
-5.285013417747389e-35
-1.0907589140116598e-32
-7.648894101136993e-35
-1.5207667734006745e-34
-7.057693337098458e-35
-0.07655534148216248
0.4244612157344818
0.11377011239528656
0.3444337546825409
0.37546220421791077
0.15473581850528717
0.2645564377307892
0.21037809550762177
0.0661308690905571
0.35085368156433105
0.10441102087497711
0.28928500413894653
0.06118600443005562
0.342785507440567
0.22658120095729828
0.15195341408252716
0.2374415248632431
-0.45681923627853394
0.24810031056404114
0.3789312243461609
0.1681317538022995
0.3402426838874817
0.5670214891433716
0.07125880569219589
0.24657565355300903
0.26818305253982544
0.3326108455657959
0.36689046025276184
0.3051793873310089
0.05496501177549362
0.3603648543357849
0.2820489704608917
0.3850199580192566
0.19628016650676727
0.4259999394416809
0.1826232522726059
0.36300089955329895
0.22633078694343567
-0.548054575920105
0.3224657475948334
0.4661737382411957
0.2514497935771942
0.3099202811717987
1.1333407101420676e-34
-3.292406139183088e-35
-3.9822804130263535e-35
7.404058946464235e-36
-4.296062788355276e-35
8.804082475815047e-36
-5.604287555746559e-35
7.750553699496485e-35
-6.792361647626938e-35
6.412905987079884e-35
-1.856789754394769e-35
8.520900261777818e-35
1.0594327225242996e-35
-2.2191252695564959e-35
1.6983456858874613e-35
-9.162080198712936e-36
-9.859460015465638e-35
-7.52279765122171e-35
1.2445957403176276e-34
8.951899168515396e-35
-0.016552668064832687
-0.014712351374328136
0.06321905553340912
0.1587117314338684
0.1860751509666443
0.16624604165554047
0.027530718594789505
0.024771414697170258
0.00479308795183897
-0.00020855669572483748
0.12208528071641922
0.04173796996474266
0.017105041071772575
-0.00011955733498325571
0.022308286279439926
0.02586187981069088
0.11202258616685867
-0.007924109697341919
0.023770635947585106
0.035689350217580795
0.11749539524316788
-0.6666173338890076
0.4049067497253418
0.17462997138500214
0.25954151153564453
0.2490924745798111
0.2904900014400482
0.24415287375450134
0.1627635955810547
0.02374275028705597
0.31472811102867126
0.15275824069976807
0.25566405057907104
0.1542004644870758
0.35598665475845337
0.18495094776153564
0.22079384326934814
0.28054147958755493
-0.4362640976905823
0.18757152557373047
0.3047238886356354
0.10986920446157455
0.3066730201244354
0.4095908999443054
0.12279880791902542
0.29350200295448303
0.15202179551124573
0.17353488504886627
0.2436225712299347
0.16864947974681854
0.0385584831237793
0.2754269540309906
0.23253118991851807
0.3073239326477051
0.12024600803852081
0.2851920425891876
0.14579804241657257
0.18900080025196075
0.11466056853532791
-0.424025297164917
0.20273318886756897
0.36231255531311035
0.18828454613685608
0.5328806638717651
-0.03894124552607536
-0.03140576183795929
-0.1505596935749054
-0.24749261140823364
-0.18656980991363525
0.02383497729897499
0.019190357998013496
0.003550827270373702
0.054216012358665466
-0.2635692358016968
0.029735833406448364
0.0102036502212286
-0.08698826283216476
0.01800074428319931
0.020063403993844986
-0.14183489978313446
0.19495125114917755
0.017816444858908653
0.03613004833459854
-0.11901813000440598
0.0647684633731842
-0.8547759652137756
-0.6801595091819763
-1.1600925922393799
-1.223196268081665
-1.158700704574585
0.17229855060577393
0.1252794861793518
0.007081510499119759
-0.6310891509056091
-1.0019969940185547
0.21456921100616455
0.05589514225721359
-0.8508557677268982
0.10885018855333328
0.14724880456924438
-0.768742024898529
1.075456142425537
0.11764975637197495
0.2989615797996521
-0.8408507108688354
1.0846112966537476
0.3620755970478058
0.10060854256153107
0.19928398728370667
0.15075573325157166
0.17643192410469055
0.1987554430961609
0.15996429324150085
0.024262089282274246
0.23407164216041565
0.10948604345321655
0.2645563781261444
0.10124006122350693
0.2697979211807251
0.1435628980398178
0.1629345566034317
0.10781647264957428
-0.3582746088504791
0.16722184419631958
0.28996768593788147
0.11463741213083267
0.67742520570755
0.3281356692314148
0.09109734743833542
0.17488928139209747
0.16492490470409393
0.14890679717063904
0.17961741983890533
0.14782218635082245
0.02195146307349205
0.21564102172851562
0.10246912389993668
0.2422592043876648
0.09281507134437561
0.24144011735916138
0.12902623414993286
0.15808109939098358
0.10811451822519302
-0.3249109983444214
0.15092864632606506
0.26353341341018677
0.10114454478025436
0.5907986164093018
-0.7649964094161987
-0.5509012341499329
-0.9415179491043091
-1.0335583686828613
-0.9550882577896118
0.12430978566408157
0.0966242253780365
0.010020531713962555
-0.5066500306129456
-0.8801118731498718
0.1545795351266861
0.04912209510803223
-0.7331259250640869
0.08707602322101593
0.10169172286987305
-0.6841433644294739
0.9081742763519287
0.0911097452044487
0.19583572447299957
-0.6939930319786072
1.102750539779663
-0.004545746371150017
0.014550448395311832
0.03231729567050934
0.06372277438640594
0.03777388483285904
0.00020590919302776456
0.0005932524800300598
0.00010758556163636968
0.00017120735719799995
0.02877632901072502
-0.003435967955738306
0.0004131592868361622
0.00058076559798792
0.0005588956992141902
-0.01106305979192257
0.051693741232156754
-0.001813019160181284
-0.00032841585925780237
0.0004062860389240086
0.023969363421201706
-0.08874036371707916
-0.2579117715358734
-0.10340528190135956
-0.33579105138778687
-0.5899567604064941
-0.3823176920413971
0.06405492126941681
0.05802791565656662
0.04907620698213577
0.052562158554792404
-0.6051669120788574
0.08078871667385101
0.01236384641379118
-0.24610896408557892
0.08115991950035095
0.049501389265060425
-0.35669997334480286
0.4300509989261627
0.04329283535480499
0.11037877947092056
-0.2868439555168152
0.13503725826740265
0.4719013273715973
0.1454838365316391
0.39308983087539673
0.2671448290348053
0.3528180420398712
0.2487996369600296
0.17403532564640045
0.02816097065806389
0.3436577618122101
0.15392093360424042
0.31860098242759705
0.14836430549621582
0.3586004376411438
0.17171235382556915
0.2680572271347046
0.1454291194677353
-0.48777851462364197
0.21706342697143555
0.3971697986125946
0.2204950451850891
0.366502583026886
0.5028306245803833
0.11856544762849808
0.16470421850681305
0.2400960922241211
0.3610077500343323
0.3151699900627136
0.21031691133975983
0.040787406265735626
0.394601047039032
0.3034661114215851
0.3551105558872223
0.1992741823196411
0.22563022375106812
0.28616729378700256
0.19753284752368927
0.1522485911846161
-0.5424750447273254
0.35474875569343567
0.48708099126815796
0.1814708411693573
0.3590431809425354
0.6087808609008789
0.5055983066558838
-1.6983810663223267
0.3473784327507019
-1.2034430491483447e-35
0.49841228127479553
0.622751772403717
1.550125777961793e-35
-0.13337574899196625
0.47072216868400574
0.4554007947444916
-0.20336796343326569
-1.2483643293380737
0.38598278164863586
0.3500739634037018
-1.0552124977111816
-0.03208940476179123
-0.5044604539871216
0.5279132127761841
0.5875955820083618
0.2652694582939148
10
1
