2
1
2
20
20
-0.32641690969467163
-0.5955012440681458
0.0018162992782890797
-0.27170708775520325
-0.4751121699810028
-0.04998477175831795
-0.3131704330444336
-0.5618957877159119
-0.020694969221949577
-0.2911672294139862
-0.5191857218742371
-0.020023247227072716
-0.30001601576805115
-0.5366127490997314
-0.02016914263367653
0.29195934534072876
0.5235282182693481
0.01549083087593317
-0.24837540090084076
-0.4420028328895569
-0.005111466161906719
0.1324215978384018
0.2342364639043808
-0.034806519746780396
0.28714248538017273
0.5199584364891052
-0.007840948179364204
0.2954673171043396
0.5344520211219788
0.0005773777374997735
0.16478396952152252
0.2886430025100708
0.018002590164542198
0.293842613697052
0.531578779220581
-0.0015029397327452898
0.2765039801597595
0.49459049105644226
0.011276725679636002
-0.23506666719913483
-0.4178198277950287
-0.0013201700057834387
-0.3020276129245758
-0.5437477827072144
-0.007987914606928825
0.27156901359558105
0.48942673206329346
-0.005558758042752743
0.15998563170433044
0.2842055559158325
-0.02914656512439251
-0.30188819766044617
-0.5416384935379028
-0.013774980790913105
0.30863967537879944
0.5623520016670227
-0.004670232534408569
0.2799200415611267
0.5060224533081055
-0.008073654025793076
0.5231280326843262
0.431430459022522
0.4973577857017517
0.4762158989906311
0.4814163148403168
-0.4833751618862152
0.40290340781211853
-0.20290517807006836
-0.4509648382663727
-0.45320284366607666
-0.25226983428001404
-0.4900473952293396
-0.4507949948310852
0.3767456114292145
0.49538248777389526
-0.4411716163158417
-0.25400102138519287
0.5032684803009033
-0.4876190721988678
-0.4478760063648224
0.08577088266611099
-0.5106363296508789
-0.40920644998550415
-0.48374876379966736
-0.4477742612361908
-0.46375250816345215
0.44645485281944275
-0.3779314160346985
0.19451181590557098
0.43904978036880493
0.46206021308898926
0.24081234633922577
0.4644053876399994
0.4278169870376587
-0.3564773499965668
-0.4739069938659668
0.4150371551513672
0.23417359590530396
-0.4695393741130829
0.4699152708053589
0.4278078079223633
-0.09003815054893494
0.5191215872764587
0.4180607199668884
0.5014054775238037
0.4657595753669739
0.47965484857559204
-0.45011961460113525
0.3868618607521057
-0.19753341376781464
-0.4716724157333374
-0.4591769874095917
-0.24512703716754913
-0.45262411236763
-0.44180867075920105
0.3643498718738556
0.48152029514312744
-0.42311665415763855
-0.2361837476491928
0.47668248414993286
-0.4810557961463928
-0.448921799659729
0.08025665581226349
0.5319169759750366
0.4195937514305115
0.48883962631225586
0.45825818181037903
0.4717320203781128
-0.4716178774833679
0.3851723074913025
-0.19985085725784302
-0.44110602140426636
-0.4671083390712738
-0.2467513233423233
-0.48124152421951294
-0.44021058082580566
0.36424720287323
0.47128167748451233
-0.4256223142147064
-0.25263333320617676
0.4830617308616638
-0.5015143752098083
-0.4401998519897461
0.12387768179178238
-0.5261971950531006
-0.42035624384880066
-0.4971162974834442
-0.45939916372299194
-0.4739483594894409
0.4324859380722046
-0.3899868428707123
0.1807100772857666
0.4287334978580475
0.4427395164966583
0.22637665271759033
0.439990758895874
0.4085407555103302
-0.3684349060058594
-0.4823558032512665
0.40156134963035583
0.22521865367889404
-0.4796541631221771
0.4662688672542572
0.41665172576904297
0.05213829502463341
-0.5604496002197266
-0.4407690167427063
-0.5175281763076782
-0.4836787283420563
-0.49653100967407227
0.44364282488822937
-0.40958234667778015
0.19567149877548218
0.4486776292324066
0.47810202836990356
0.24022163450717926
0.47577163577079773
0.42362362146377563
-0.38295263051986694
-0.508715808391571
0.43161919713020325
0.23644821345806122
-0.500380277633667
0.5164471864700317
0.43662309646606445
0.024244412779808044
-0.5207594037055969
-0.3993515372276306
-0.4872392416000366
-0.43068674206733704
-0.46086183190345764
0.47377437353134155
-0.3662765920162201
0.20640353858470917
0.46575120091438293
0.47356414794921875
0.25290441513061523
0.4612814784049988
0.42996835708618164
-0.3462270200252533
-0.44041210412979126
0.43176862597465515
0.2592482268810272
-0.464706152677536
0.5043460726737976
0.4496162235736847
-0.23430974781513214
0.542884349822998
0.4252817928791046
0.5008054971694946
0.45924729108810425
0.4774794280529022
-0.47666049003601074
0.3913155794143677
-0.21138347685337067
-0.4812702536582947
-0.48898130655288696
-0.2608165144920349
-0.48730766773223877
-0.4501481056213379
0.3657251298427582
0.48475244641304016
-0.444175124168396
-0.2590811848640442
0.48529666662216187
-0.5187957882881165
-0.466220498085022
0.18673689663410187
-0.5259289741516113
-0.4164014458656311
-0.49817532300949097
-0.4574335515499115
-0.4654620587825775
0.441850483417511
-0.38174688816070557
0.19525772333145142
0.44562122225761414
0.453122079372406
0.24259553849697113
0.45907241106033325
0.43267205357551575
-0.3609987795352936
-0.4707776606082916
0.42214053869247437
0.24863334000110626
-0.4765434265136719
0.47320160269737244
0.43541187047958374
-0.07116655260324478
-0.43789806962013245
-0.34608781337738037
-0.4125365614891052
-0.37947699427604675
-0.392434298992157
0.4102689325809479
-0.31850916147232056
0.18706323206424713
0.40660160779953003
0.41789647936820984
0.22863204777240753
0.4158928692340851
0.3872871994972229
-0.29957786202430725
-0.3992753028869629
0.3820376694202423
0.22566144168376923
-0.39675894379615784
0.4392545521259308
0.39482802152633667
-0.2573951482772827
-0.5380086898803711
-0.41892480850219727
-0.49799638986587524
-0.4675843119621277
-0.48025351762771606
0.4531008303165436
-0.3828738033771515
0.20070770382881165
0.48002272844314575
0.48404666781425476
0.24848049879074097
0.4474964439868927
0.4246312975883484
-0.3619530498981476
-0.4723200798034668
0.4229761064052582
0.2407723218202591
-0.4776160418987274
0.5116864442825317
0.45115405321121216
-0.10930448770523071
-0.44926053285598755
-0.35610857605934143
-0.4239496886730194
-0.3901841342449188
-0.40351930260658264
0.4125326871871948
-0.3281724154949188
0.1858142614364624
0.40854495763778687
0.42028260231018066
0.22790928184986115
0.41919806599617004
0.3896840214729309
-0.30890268087387085
-0.4104030430316925
0.3841908872127533
0.2250382900238037
-0.4079068899154663
0.4423644244670868
0.39718472957611084
-0.21161392331123352
0.5362069010734558
0.4245165288448334
0.5050689578056335
0.4633432626724243
0.4776168167591095
-0.4876936078071594
0.39104047417640686
-0.21488000452518463
-0.47839707136154175
-0.4911743104457855
-0.2639258801937103
-0.49373164772987366
-0.45753562450408936
0.3671517074108124
0.49246957898139954
-0.4514600336551666
-0.2617773413658142
0.4853939414024353
-0.5231627821922302
-0.46609342098236084
0.20543263852596283
0.5230381488800049
0.41572272777557373
0.4950164258480072
0.45592498779296875
0.466967910528183
-0.4330781102180481
0.3853285610675812
-0.18199554085731506
-0.4321559965610504
-0.43368786573410034
-0.22934101521968842
-0.4462548494338989
-0.4183885157108307
0.3644203543663025
0.4840037226676941
-0.402350515127182
-0.2235526591539383
0.47584232687950134
-0.46370619535446167
-0.4132799506187439
-0.030066344887018204
-0.49341756105422974
-0.3944909870624542
-0.46694254875183105
-0.4327912926673889
-0.45047062635421753
0.4470602571964264
-0.3652813732624054
0.19607125222682953
0.43548744916915894
0.45451128482818604
0.24174462258815765
0.4547254741191864
0.4163210988044739
-0.3444760739803314
-0.4578273594379425
0.41451194882392883
0.2385650873184204
-0.457001268863678
0.4752351939678192
0.43076810240745544
-0.15382100641727448
0.5067779421806335
0.40521982312202454
0.4827653765678406
0.4431324303150177
0.458377867937088
-0.4299355745315552
0.37714236974716187
-0.18402156233787537
-0.4200375974178314
-0.4523507058620453
-0.22888165712356567
-0.45114821195602417
-0.3993746340274811
0.35560840368270874
0.4649522602558136
-0.40361762046813965
-0.2209794670343399
0.4605606198310852
-0.4605867266654968
-0.4108716547489166
0.023617256432771683
0.47334378957748413
0.3779336214065552
0.44729509949684143
0.41287973523139954
0.4264286160469055
-0.40753987431526184
0.34956198930740356
-0.17640097439289093
-0.403586208820343
-0.41563183069229126
-0.21893525123596191
-0.41350582242012024
-0.3841722011566162
0.32990381121635437
0.4329870343208313
-0.37879809737205505
-0.21634604036808014
0.43106546998023987
-0.4378262460231781
-0.39231497049331665
0.057547833770513535
-0.4620048701763153
-0.36581549048423767
-0.4359554648399353
-0.4011092185974121
-0.41474711894989014
0.42866256833076477
-0.3367721438407898
0.19413922727108002
0.42461857199668884
0.436895489692688
0.23765239119529724
0.4349435567855835
0.4048830270767212
-0.3168146014213562
-0.42133086919784546
0.399267315864563
0.23474416136741638
-0.41957786679267883
0.4592214822769165
0.4129303991794586
-0.24244017899036407
0.5452563762664795
0.42583754658699036
0.512984037399292
0.4646354615688324
0.4833697974681854
-0.4727012515068054
0.39723679423332214
-0.19499067962169647
-0.4631553888320923
-0.46334323287010193
-0.24187730252742767
-0.43897923827171326
-0.4391028881072998
0.37194958329200745
0.47909361124038696
-0.4203088879585266
-0.2258525937795639
0.4909399747848511
-0.5003070831298828
-0.4329296350479126
0.0294374767690897
0.5451321601867676
0.4319668710231781
0.530433714389801
0.46972405910491943
0.49813079833984375
-0.4585356116294861
0.3956684470176697
-0.20298363268375397
-0.4680299758911133
-0.499632328748703
-0.25292539596557617
-0.4732430577278137
-0.42158210277557373
0.3824141025543213
0.5263094305992126
-0.4449102282524109
-0.22942334413528442
0.4791393280029297
-0.5036593079566956
-0.46851301193237305
0.05118876323103905
1.2066025733947754
-1.1381970643997192
1.1722395420074463
1.1739476919174194
-1.1260076761245728
-1.208354115486145
-1.1440620422363281
1.2178291082382202
-1.1485244035720825
-0.9589409232139587
-1.1727445125579834
-0.9792683124542236
1.2307592630386353
1.1232984066009521
-1.1055221557617188
1.105312705039978
1.0175648927688599
-1.027431845664978
1.1783673763275146
1.2198243141174316
-0.04381796717643738
0.5
4
