2
1
2
20
20
0.004639641847461462
0.008551377803087234
0.04124152287840843
0.07655614614486694
0.13800036907196045
0.004800684284418821
0.01045752502977848
0.019013257697224617
0.0071940673515200615
0.017611516639590263
0.03187830001115799
0.003055646549910307
-0.02307516522705555
-0.04169604927301407
-0.004425160586833954
0.0026865594554692507
0.0050840117037296295
-0.03533492237329483
-0.00120840675663203
-0.0023743612691760063
-0.1344611495733261
-0.002469398779794574
-0.004684040322899818
0.027378413826227188
-0.003104388015344739
-0.0058050332590937614
-0.024700216948986053
-0.010720998980104923
-0.019485600292682648
-0.008342290297150612
0.007008808199316263
0.01282881572842598
0.0036155525594949722
-0.007026118692010641
-0.012851404957473278
-0.01132813561707735
0.011241293512284756
0.020426413044333458
0.004012343008071184
0.03627036511898041
0.065420001745224
0.0031215078197419643
0.0092861233279109
0.01691463775932789
-0.00038332605618052185
0.0225140992552042
0.04069139435887337
0.0021382495760917664
-0.016275586560368538
-0.029482638463377953
-0.0027721687220036983
-0.019938645884394646
-0.0360586903989315
-0.003984546754509211
-0.01170184463262558
-0.021248705685138702
-0.008990680798888206
0.018756438046693802
0.033933792263269424
0.0050947898998856544
0.06370454281568527
1.042445182800293
0.1415661871433258
0.23734238743782043
-0.3115588128566742
0.03814173489809036
-0.017756812274456024
-0.03526034578680992
-0.043226372450590134
-0.14504186809062958
0.09297666698694229
-0.09386569261550903
0.15340746939182281
0.48990941047668457
0.11959338933229446
0.2964610457420349
-0.21722523868083954
-0.26172003149986267
-0.15280716121196747
0.2527746856212616
-0.016467561945319176
-0.03706919029355049
-0.5989878177642822
-0.08298808336257935
-0.1421547681093216
0.18075551092624664
-0.022050008177757263
0.010916236788034439
0.020065074786543846
0.02537386119365692
0.0846039280295372
-0.056623224169015884
0.05812421813607216
-0.08941874653100967
-0.2840994596481323
-0.07158961147069931
-0.17528285086154938
0.1263231635093689
0.1615968942642212
0.09565166383981705
-0.14809730648994446
0.014454874210059643
-0.05865677073597908
-0.9555106163024902
-0.1311759203672409
-0.2273058146238327
0.2861194312572479
-0.033518675714731216
0.016435524448752403
0.035096243023872375
0.03958679735660553
0.13356974720954895
-0.09012769907712936
0.08797425776720047
-0.14268845319747925
-0.45010149478912354
-0.11470645666122437
-0.266695499420166
0.19445055723190308
0.2517494857311249
0.14859768748283386
-0.23212400078773499
0.016008468344807625
-0.05979716405272484
-0.96986985206604
-0.1329851746559143
-0.224446639418602
0.2920891344547272
-0.035359352827072144
0.01719200238585472
0.032647840678691864
0.04054713621735573
0.13616321980953217
-0.0897684395313263
0.08991730213165283
-0.1431443989276886
-0.45890501141548157
-0.1187644898891449
-0.28693124651908875
0.20733892917633057
0.25337594747543335
0.14899860322475433
-0.2378131002187729
0.01674901694059372
-0.06265334784984589
-1.0257999897003174
-0.1374727338552475
-0.2221548706293106
0.30585506558418274
-0.039368148893117905
0.01748785376548767
0.031170407310128212
0.04127391800284386
0.1421460509300232
-0.09424271434545517
0.09708722680807114
-0.1484925001859665
-0.48114433884620667
-0.11358239501714706
-0.3046976923942566
0.22234570980072021
0.2573634088039398
0.14596959948539734
-0.24800904095172882
0.016186419874429703
-0.05934670567512512
-0.9633248448371887
-0.1320171058177948
-0.22349165380001068
0.2899012267589569
-0.03522565960884094
0.01697048358619213
0.03265717253088951
0.040332432836294174
0.13515622913837433
-0.08929576724767685
0.08932998031377792
-0.1422240138053894
-0.4554327726364136
-0.11853017657995224
-0.2854520380496979
0.20633263885974884
0.2516854405403137
0.1481410264968872
-0.23605720698833466
0.01653357595205307
0.07147320359945297
1.1634430885314941
0.15925545990467072
0.2682734429836273
-0.3500383198261261
0.042367931455373764
-0.020197169855237007
-0.03913389518857002
-0.048487868160009384
-0.16312231123447418
0.1073722317814827
-0.10750414431095123
0.17129600048065186
0.5500343441963196
0.14196614921092987
0.34219256043434143
-0.24736124277114868
-0.30292972922325134
-0.1781458854675293
0.2848116457462311
-0.01858881674706936
0.058635201305150986
0.9502038955688477
0.13130201399326324
0.22400200366973877
-0.2866717278957367
0.03493371978402138
-0.01685081236064434
-0.03243057057261467
-0.0400356650352478
-0.13403329253196716
0.0889476016163826
-0.08915068954229355
0.142011821269989
0.4498239755630493
0.11959225684404373
0.2896547019481659
-0.2068532258272171
-0.25066620111465454
-0.14734666049480438
0.23423394560813904
-0.01653190143406391
0.06523333489894867
1.0635737180709839
0.14218464493751526
0.2294190227985382
-0.31706759333610535
0.038218140602111816
-0.01878608949482441
-0.03398185968399048
-0.044760171324014664
-0.14758262038230896
0.08803625404834747
-0.09402967989444733
0.1494515836238861
0.49976643919944763
0.13383270800113678
0.324349045753479
-0.23991118371486664
-0.278390496969223
-0.16791272163391113
0.2571962773799896
-0.017636768519878387
-0.059720057994127274
-0.9782444834709167
-0.13218507170677185
-0.21676470339298248
0.2919655442237854
-0.034680821001529694
0.016608087345957756
0.03214079141616821
0.04042833298444748
0.13569597899913788
-0.08968950062990189
0.0862329751253128
-0.13967140018939972
-0.4591948390007019
-0.11937122046947479
-0.27187708020210266
0.20250579714775085
0.24820475280284882
0.1476670801639557
-0.23588497936725616
0.016010794788599014
-0.05559885874390602
-0.9071804881095886
-0.12367802113294601
-0.20721034705638885
0.27240270376205444
-0.032845236361026764
0.015655117109417915
0.030386967584490776
0.03773035481572151
0.12681785225868225
-0.08321654796600342
0.08315784484148026
-0.13289475440979004
-0.42785710096359253
-0.10942704975605011
-0.2644202411174774
0.1891425997018814
0.23457969725131989
0.13823816180229187
-0.22116078436374664
0.015591390430927277
0.07094668596982956
1.1552964448928833
0.15809589624404907
0.26655957102775574
-0.3473886549472809
0.04211372882127762
-0.02000405453145504
-0.038972631096839905
-0.04816800355911255
-0.16191910207271576
0.1065990999341011
-0.10669837146997452
0.17005124688148499
0.5458820462226868
0.141269251704216
0.3396095037460327
-0.24470645189285278
-0.30045685172080994
-0.17681242525577545
0.2826838195323944
-0.018416963517665863
0.061018068343400955
0.9970377683639526
0.13573318719863892
0.22815607488155365
-0.29886770248413086
0.03614804521203041
-0.016972742974758148
-0.03354499489068985
-0.041352130472660065
-0.13917125761508942
0.09111779928207397
-0.09137582778930664
0.14594486355781555
0.47046613693237305
0.12049470841884613
0.2866048216819763
-0.20953138172626495
-0.25634026527404785
-0.15101999044418335
0.24267932772636414
-0.016193609684705734
-0.05905726179480553
-0.9625416398048401
-0.13154685497283936
-0.22272484004497528
0.2889423668384552
-0.03512042015790939
0.016665609553456306
0.03268500789999962
0.040210023522377014
0.1347060203552246
-0.08946900069713593
0.08894292265176773
-0.14140434563159943
-0.45398736000061035
-0.11610578745603561
-0.2817193567752838
0.19954228401184082
0.24965991079807281
0.14662465453147888
-0.23506207764148712
0.016158325597643852
-0.05423004925251007
-0.8802228569984436
-0.12158431112766266
-0.20742924511432648
0.26523417234420776
-0.03245125338435173
0.015447149984538555
0.030246997252106667
0.03718340024352074
0.12396473437547684
-0.08283327519893646
0.08123210072517395
-0.13052552938461304
-0.4166441559791565
-0.10974646359682083
-0.2632470726966858
0.19322100281715393
0.23023447394371033
0.13693767786026
-0.21661126613616943
0.015490589663386345
-0.06331241875886917
-1.0296014547348022
-0.14100024104118347
-0.23778319358825684
0.3098398447036743
-0.03749494254589081
0.01799645833671093
0.03463922068476677
0.04295456036925316
0.14441147446632385
-0.09512313455343246
0.09524454176425934
-0.1517150104045868
-0.4867752492427826
-0.12581902742385864
-0.30363839864730835
0.2193528413772583
0.2683727741241455
0.1578449010848999
-0.25217142701148987
0.01714930683374405
0.04689823463559151
0.7628430724143982
0.1042524129152298
0.17587891221046448
-0.22850516438484192
0.027388129383325577
-0.013514574617147446
-0.024965539574623108
-0.03156460076570511
-0.10675239562988281
0.07439737766981125
-0.0729643851518631
0.11063254624605179
0.3599340319633484
0.0933210477232933
0.21618732810020447
-0.14451159536838531
-0.19954237341880798
-0.11559613049030304
0.1862199455499649
-0.01495217252522707
-0.05198457092046738
-0.847623348236084
-0.11603472381830215
-0.19513513147830963
0.25539737939834595
-0.030748678371310234
0.014534106478095055
0.02836241014301777
0.03526051715016365
0.11891648173332214
-0.07809853553771973
0.07824604213237762
-0.12472309172153473
-0.4011884033679962
-0.10318909585475922
-0.24917961657047272
0.1802084594964981
0.2207171767950058
0.1297430396080017
-0.20767980813980103
0.014784284867346287
-0.05734607204794884
-0.9310375452041626
-0.12795564532279968
-0.21593041718006134
0.28031444549560547
-0.03415980190038681
0.016305912286043167
0.031794473528862
0.039079323410987854
0.1308254599571228
-0.0864141508936882
0.08682385832071304
-0.13814286887645721
-0.4404413104057312
-0.11608364433050156
-0.2780085802078247
0.20106141269207
0.24417099356651306
0.1434447318315506
-0.22853608429431915
0.016001887619495392
-0.062291670590639114
-1.0164461135864258
-0.13876084983348846
-0.23389367759227753
0.30526402592658997
-0.03694566339254379
0.017413459718227386
0.03429487720131874
0.04226095974445343
0.1421881467103958
-0.0935627743601799
0.09340658038854599
-0.14914408326148987
-0.47972628474235535
-0.12366742640733719
-0.2955731451511383
0.21280133724212646
0.26331984996795654
0.1547226905822754
-0.24803058803081512
0.01654045470058918
-0.6534996628761292
0.3673607110977173
0.5954633951187134
0.6045523285865784
0.6424609422683716
0.6001161932945251
-0.7334367036819458
-0.5914677977561951
-0.6666054129600525
0.611746072769165
0.5648130178451538
-0.7279757261276245
-0.6236414909362793
0.6002233028411865
0.5465043187141418
0.6439865827560425
-0.4718833267688751
0.5264002680778503
0.5792397260665894
0.6361216902732849
0.08316653221845627
0
2
