3
1
2
20
20
0.22502444684505463
-0.28406062722206116
-0.07101546227931976
0.2923000752925873
0.250262051820755
-0.07118982821702957
-0.24214012920856476
0.48642343282699585
-1.8379558725553552e-35
-3.701343066215915e-17
2.846549684096774e-35
-0.09451164305210114
-0.20439986884593964
0.07332145422697067
0.19777952134609222
0.5383641719818115
0.029609261080622673
0.029285579919815063
-0.03857721760869026
1.1204252243041992
0.18606866896152496
0.28113847970962524
0.0677291601896286
0.2992219924926758
0.18037839233875275
0.00904067698866129
-0.209878608584404
0.4348215162754059
0.018051818013191223
-0.010146074928343296
-0.11026152968406677
0.011527503840625286
0.06679189950227737
0.2834230661392212
-0.10129150748252869
0.1820569932460785
0.13184978067874908
0.22515077888965607
-0.23308229446411133
0.42546695470809937
0.11193840950727463
-0.3127094507217407
-0.08462967723608017
0.29466626048088074
0.02066514827311039
0.023242829367518425
-0.03022334910929203
0.923076868057251
-0.11217253655195236
0.2656804919242859
-0.2355041801929474
0.29606524109840393
0.05471263825893402
-0.29342737793922424
0.05759291723370552
0.22042836248874664
0.2391943782567978
-0.06593859195709229
-0.1948849856853485
0.2784089744091034
0.3045670986175537
0.10546952486038208
-0.15315699577331543
0.2850397229194641
0.08575508743524551
-0.14806786179542542
-0.149868905544281
0.22228707373142242
0.035174865275621414
-0.0977005586028099
0.1828256994485855
0.12478221952915192
0.04218064993619919
0.052066199481487274
-0.33190029859542847
0.33850324153900146
0.16808269917964935
-0.3929777145385742
-0.23248179256916046
0.46666017174720764
-2.9673974484207023e-35
-6.559829579580097e-35
7.590785764914875e-35
9.372140120849917e-35
1.7035098828223506e-34
3.669817483747051e-20
1.1804105345203652e-34
-1.089278957440425e-34
4.859734387542385e-30
4.939219340852232e-36
-6.523459853242277e-36
1.2622876190637242e-34
9.022066940312686e-36
-2.822373415761332e-35
1.614751449757503e-34
-5.876828905638332e-35
1.0097460600322763e-35
9.771198068051895e-35
-1.4329682508594184e-34
-5.381081382334561e-35
-0.08386960625648499
1.0386929815029783e-34
7.058069432153817e-36
-9.26543244006099e-35
5.3720461322496444e-21
1.3923745255659494e-29
-5.88492865549739e-11
1.1239610917419711e-34
-5.617787947653635e-35
2.2605503064457256e-15
-1.3339622391614112e-34
-1.9058838626971291e-35
5.784956141447575e-26
-1.216442191437953e-34
-1.266374413437125e-34
7.681911257893195e-35
-1.5405265579315087e-34
1.4333566002137965e-34
2.6360321227235637e-33
-8.517814015135058e-35
4.020678842871488e-35
-0.18443235754966736
0.30470728874206543
0.35764044523239136
-6.379869591910392e-05
-0.2658567428588867
0.17136137187480927
0.2994617521762848
0.18896649777889252
0.08116449415683746
0.25002142786979675
0.2932972311973572
0.26764801144599915
0.13530318439006805
0.3105432689189911
0.2511439025402069
0.25568798184394836
0.3101992607116699
0.21128997206687927
0.17810456454753876
0.27384302020072937
0.4181121289730072
0.38202762603759766
0.3295494616031647
0.24790026247501373
-0.006002224050462246
-0.2752555310726166
0.18317899107933044
0.3045840561389923
0.2056475132703781
0.07333860546350479
0.27591782808303833
0.29242971539497375
0.3262147009372711
0.14280156791210175
0.308364599943161
0.30766135454177856
0.26533621549606323
0.31763800978660583
0.17139658331871033
0.19086024165153503
0.31858301162719727
0.45336243510246277
0.33989325165748596
1.3811953011341297e-34
0.0005885065183974802
1.303589026339598e-34
-2.8051708756464735e-18
2.6697094730919496e-21
6.6035186137014534e-06
-2.0948627934558317e-06
1.379220702801831e-05
-2.449374960633577e-06
0.00016301494906656444
5.977900614533742e-16
9.953316969303971e-20
1.9271020335054345e-07
-1.1038705366450685e-10
0.00035896990448236465
2.5537948999954097e-07
-9.581210906617343e-05
1.163182511125644e-35
2.144614700227976e-05
-4.0411763928307096e-22
-0.07534195482730865
0.003929569851607084
0.0054121618159115314
-3.146520574775386e-35
-1.718391189342583e-07
0.0020560489501804113
0.0006577977910637856
0.004185441881418228
0.0011553141521289945
0.000883465341757983
0.0033809973392635584
0.002986053004860878
0.001639700261875987
0.00047188845928758383
0.0011942770797759295
0.004633117467164993
0.00452629616484046
0.0028030071407556534
-0.0004774504341185093
0.0036157136783003807
0.0052507477812469006
-0.042456209659576416
-2.812009493033977e-35
-8.237402937194397e-35
5.462366127927701e-35
-1.458602637285109e-34
4.857445714735013e-35
-8.933853493520351e-35
2.952492834380186e-35
-2.1482391719876954e-35
-5.030236496643678e-35
8.618584531097371e-35
-6.418300748507315e-35
-1.4443396089796263e-35
8.073268224770474e-35
6.703283799227016e-36
5.559881649523064e-35
5.142380838805158e-35
3.2864602212857465e-36
-1.4434702138169357e-34
6.996253668253209e-35
-8.202483637724023e-35
-0.008764093741774559
0.19315437972545624
0.18640616536140442
-3.637575796133774e-09
-0.17535117268562317
0.1065685823559761
0.18139846622943878
0.1464167982339859
0.06362811475992203
0.16151879727840424
0.18264329433441162
0.1807921826839447
0.0854271948337555
0.1975652575492859
0.16437304019927979
0.18546774983406067
0.1905645877122879
0.12695695459842682
0.11177609860897064
0.17649248242378235
0.2587190270423889
0.5373715758323669
0.17803843319416046
0.17013058066368103
-6.153371535181398e-22
-0.16316092014312744
0.09746008366346359
0.16726793348789215
0.13329742848873138
0.06140971556305885
0.14936970174312592
0.16311034560203552
0.16695329546928406
0.07847808301448822
0.1819465011358261
0.1507631540298462
0.1533593237400055
0.17580586671829224
0.11388901621103287
0.10301881283521652
0.16088345646858215
0.23741514980793
0.7459071278572083
0.009677046909928322
0.012596811167895794
-6.226573701084703e-10
-4.0591149286228756e-07
0.004845622461289167
0.0017333596479147673
0.010254890657961369
0.0026459747459739447
0.0021489025093615055
0.008560366928577423
0.007381365168839693
0.003899005241692066
0.0009557119919918478
0.002901029773056507
0.013073226436972618
0.011040461249649525
0.00728545431047678
-0.0012458283454179764
0.009019261226058006
0.01292448490858078
-0.10498572140932083
0.2125895917415619
0.20155814290046692
-1.0454415739110402e-27
-0.19473856687545776
0.11653394997119904
0.19994999468326569
0.15891744196414948
0.0739465206861496
0.17864833772182465
0.19436296820640564
0.19935865700244904
0.09371590614318848
0.21740055084228516
0.17998455464839935
0.18374566733837128
0.20970305800437927
0.13579054176807404
0.12322968244552612
0.19170235097408295
0.28278234601020813
0.9294843673706055
0.1894567757844925
0.17593112587928772
7.080618313892728e-10
-0.17222030460834503
0.10432986915111542
0.1777125597000122
0.14253665506839752
0.06262978911399841
0.1585051268339157
0.1766940802335739
0.17703841626644135
0.08374939858913422
0.19359827041625977
0.16080619394779205
0.1692553460597992
0.18710212409496307
0.12307775765657425
0.1098131462931633
0.17119184136390686
0.2528325319290161
0.5354614853858948
0.00023408507695421576
4.718897059774463e-07
0.0003395116364117712
-3.681785472053889e-07
1.1013353784505853e-08
0.0027892973739653826
-0.008423302322626114
-7.311643478169483e-12
-4.408058362770362e-09
-4.778986001004965e-27
-0.0002138255804311484
3.045088448061506e-08
-6.217566151739623e-15
0.008041300810873508
-0.0018976940773427486
0.001999068073928356
-9.275304364564363e-07
-3.3294723834842443e-05
2.0164942798368704e-17
0.0009634494199417531
-0.0997069701552391
0.2604255676269531
0.15975458920001984
-0.00101282459218055
-0.22296248376369476
0.14709210395812988
0.2400422841310501
0.2199922353029251
0.09146741777658463
0.21982797980308533
0.2343662679195404
0.23183394968509674
0.11685710400342941
0.2777705192565918
0.2373475879430771
0.3189332187175751
0.25333666801452637
0.13659891486167908
0.16077862679958344
0.18993082642555237
0.3504883348941803
0.3373926877975464
0.2672208547592163
0.2814193069934845
-5.363371201383416e-06
-0.23574286699295044
0.14945735037326813
0.2512681186199188
0.19759830832481384
0.08099104464054108
0.2251688539981842
0.2312764674425125
0.23637686669826508
0.11962354183197021
0.272518128156662
0.22667251527309418
0.19827821850776672
0.26162686944007874
0.21672838926315308
0.15736980736255646
0.258590966463089
0.3499206602573395
0.4644545316696167
0.1864335536956787
0.1769758015871048
-2.5048455511544905e-20
-0.17058205604553223
0.10230613499879837
0.17506466805934906
0.13961128890514374
0.06392017751932144
0.15630574524402618
0.17150382697582245
0.17474934458732605
0.08227062970399857
0.19050271809101105
0.157905712723732
0.16046176850795746
0.18418382108211517
0.1194540485739708
0.10785825550556183
0.16866689920425415
0.24859502911567688
0.7571234107017517
0.2783997356891632
0.29667580127716064
-0.000266989110969007
-0.23920662701129913
0.15522164106369019
0.25024470686912537
0.18179234862327576
0.08012852072715759
0.22584344446659088
0.26468193531036377
0.2561688721179962
0.12262272089719772
0.28970658779144287
0.23253241181373596
0.16793911159038544
0.2917676866054535
0.1513889580965042
0.16396422684192657
0.2418072670698166
0.3780505955219269
0.4375186860561371
0.3027745485305786
0.31763750314712524
0.008521630428731441
-0.2443326860666275
0.1678314357995987
0.28747808933258057
0.2570188641548157
0.06030788645148277
0.2538074254989624
0.28981176018714905
0.3083615303039551
0.13241557776927948
0.29371529817581177
0.1931653767824173
0.28571751713752747
0.2553282082080841
0.11474726349115372
0.17405478656291962
0.2980767786502838
0.32998913526535034
0.3130813241004944
0.2831238806247711
0.2011696994304657
-0.0006644074455834925
-0.23540571331977844
0.1603572517633438
0.28759875893592834
0.19533683359622955
0.08133043348789215
0.24468904733657837
0.285022497177124
0.2746152877807617
0.1264675110578537
0.28527796268463135
0.23615102469921112
0.19787931442260742
0.2627822458744049
0.18847987055778503
0.17015749216079712
0.25481316447257996
0.3753875195980072
0.4405784010887146
0.21716010570526123
0.20880192518234253
-6.093879392210511e-07
-0.19528724253177643
0.12022087723016739
0.20397484302520752
0.1658412218093872
0.06922660768032074
0.18125039339065552
0.20607368648052216
0.2022365778684616
0.09615712612867355
0.2222791165113449
0.18366464972496033
0.1703609973192215
0.21428069472312927
0.14797477424144745
0.12628242373466492
0.19842979311943054
0.28546708822250366
0.47327160835266113
-1.654397522215129e-35
-2.662761314537265e-35
0.5358378291130066
0.5641189813613892
-2.3931254200526553e-10
-0.005388352088630199
-3.8347328413776356e-36
0.34376704692840576
0.3205687999725342
-0.01351525355130434
0.38417959213256836
0.3387517035007477
-1.2778334834706584e-08
0.45682790875434875
0.47635528445243835
0.3351643681526184
0.487241268157959
0.5125197172164917
0.4956442415714264
0.38625189661979675
0.2849367558956146
10
1
