4
1
2
20
20
-0.012887909077107906
-0.014029988087713718
0.06054450944066048
0.021448930725455284
0.01574845053255558
-0.0023643341846764088
-0.0025565633550286293
0.010442690923810005
0.0037445109337568283
0.0035288389772176743
-0.0051256814040243626
-0.005558809265494347
0.023641733452677727
0.008382611908018589
0.006451455410569906
0.006831045728176832
0.0074128080159425735
-0.03180721774697304
-0.011258060112595558
-0.008428951725363731
-0.006159078795462847
-0.006682167295366526
0.028597049415111542
0.010125436820089817
0.007616681046783924
-0.006673276890069246
-0.007241269573569298
0.03105042688548565
0.010991610586643219
0.00817935261875391
0.01154570747166872
0.01255741622298956
-0.05419309809803963
-0.01919185370206833
-0.014078598469495773
0.003075367072597146
0.003321213647723198
-0.013800662010908127
-0.004923028405755758
-0.0042075770907104015
-0.005744453519582748
-0.006231742445379496
0.026613209396600723
0.009426571428775787
0.0071504851803183556
0.006550720892846584
0.007107574958354235
-0.030469316989183426
-0.010785729624330997
-0.00808893982321024
0.005389149766415358
0.0058453381061553955
-0.02490783855319023
-0.008827676996588707
-0.006693982053548098
-0.010236618109047413
-0.01112540066242218
0.047998107969760895
0.016992848366498947
0.01251794584095478
-0.007229607552289963
-0.00784631073474884
0.033706750720739365
0.01192963682115078
0.008890355005860329
0.0028663061093539
0.0030961886513978243
-0.012817800976336002
-0.004579831846058369
-0.003940708469599485
-0.008369545452296734
-0.009087773971259594
0.03913623467087746
0.013851610012352467
0.010271385312080383
-0.0013221732806414366
-0.0013982007512822747
0.00540864048525691
0.001933927065692842
0.003867640160024166
-0.005231333896517754
-0.0056740231812000275
0.02415170893073082
0.008561572059988976
0.00657260324805975
-0.003942170646041632
-0.004267330747097731
0.017946628853678703
0.006382700055837631
0.005091484636068344
-0.0046386332251131535
-0.005028515122830868
0.02129749208688736
0.007560583297163248
0.005894081201404333
-0.0018617375753819942
-0.0019877341110259295
0.007996588945388794
0.0028635049238801003
0.002836852101609111
0.299639493227005
0.052544303238391876
0.1174834743142128
-0.15777744352817535
0.1419312208890915
0.15401692688465118
-0.2683521807193756
-0.06903586536645889
0.13215556740760803
-0.15116900205612183
-0.1237131729722023
0.23771889507770538
0.16713577508926392
-0.06425976008176804
0.1939380019903183
0.027642978355288506
0.12001840025186539
0.08948013931512833
0.1059684306383133
0.04054335132241249
-0.000887424626853317
-0.4009633958339691
-0.07034987211227417
-0.1570756435394287
0.21096569299697876
-0.18979932367801666
-0.2059832066297531
0.35891059041023254
0.09222504496574402
-0.17664235830307007
0.20210827887058258
0.16539815068244934
-0.3179726004600525
-0.22351936995983124
0.08590272068977356
-0.25938552618026733
-0.03677353635430336
-0.16047179698944092
-0.11959073692560196
-0.14174866676330566
-0.0540875680744648
0.0013479136396199465
-0.30102136731147766
-0.052810560911893845
-0.1179732233285904
0.1584300845861435
-0.1425091177225113
-0.15457241237163544
0.26946282386779785
0.06932968646287918
-0.13270753622055054
0.15178853273391724
0.1242516040802002
-0.23868444561958313
-0.1678309142589569
0.06451980769634247
-0.19473543763160706
-0.02777990885078907
-0.12052368372678757
-0.08985655754804611
-0.10640480369329453
-0.04071718454360962
0.0008916174410842359
0.39464908838272095
0.0691726803779602
0.15468496084213257
-0.20758286118507385
0.18669448792934418
0.20271073281764984
-0.35312703251838684
-0.09086395800113678
0.17386728525161743
-0.19892844557762146
-0.1628221869468689
0.31281474232673645
0.2199474275112152
-0.08435481041669846
0.25518909096717834
0.03628493472933769
0.15792521834373474
0.11774605512619019
0.13942253589630127
0.05328552424907684
-0.0013061750214546919
-0.25554922223091125
-0.04480631649494171
-0.1001833900809288
0.134525865316391
-0.12103063613176346
-0.13127471506595612
0.22876539826393127
0.058822859078645706
-0.11268364638090134
0.12888705730438232
0.10553299635648727
-0.20267179608345032
-0.142508864402771
0.054708223789930344
-0.16537843644618988
-0.02352224849164486
-0.10230167210102081
-0.07627546042203903
-0.09034820646047592
-0.03450449928641319
0.0007954122265800834
0.36960798501968384
0.06490267813205719
0.14497259259223938
-0.1945977807044983
0.17504538595676422
0.18987026810646057
-0.3309299647808075
-0.08517567068338394
0.16303011775016785
-0.18634723126888275
-0.15263202786445618
0.2932892441749573
0.20618820190429688
-0.07929035276174545
0.23912875354290009
0.03409351408481598
0.14807279407978058
0.11040017753839493
0.13074298202991486
0.05002264678478241
-0.0011643962934613228
-0.35858026146888733
-0.06284387409687042
-0.14056777954101562
0.1887022703886032
-0.16968493163585663
-0.18424111604690552
0.32101985812187195
0.0824664831161499
-0.1579860895872116
0.18075701594352722
0.14795804023742676
-0.2843935489654541
-0.19989581406116486
0.076631098985672
-0.23196326196193695
-0.03293628990650177
-0.1434723287820816
-0.10698007047176361
-0.12676241993904114
-0.04833770543336868
0.0011127432808279991
0.3852178156375885
0.06740593165159225
0.15110087394714355
-0.2027004063129425
0.18238601088523865
0.19799412786960602
-0.3448951840400696
-0.0887501984834671
0.1698201447725296
-0.19424840807914734
-0.15908852219581604
0.3054730296134949
0.2147611677646637
-0.08252769708633423
0.24920976161956787
0.03550049662590027
0.1542516052722931
0.11493048816919327
0.1361798793077469
0.051985546946525574
-0.0012519689043983817
-0.006598809268325567
-0.0011587656335905194
-0.0025951415300369263
0.0034837517887353897
-0.0031246207654476166
-0.003399685025215149
0.005923788994550705
0.0015246312832459807
-0.0029157905373722315
0.0033356742933392525
0.0027302741073071957
-0.0052503617480397224
-0.0036871526390314102
0.0014181418810039759
-0.00427766889333725
-0.0006106920191086829
-0.002654061885550618
-0.0019764804746955633
-0.00234025064855814
-0.0008941112901084125
0.06010250374674797
0.30839434266090393
0.05415020138025284
0.12098614126443863
-0.16241306066513062
0.14606377482414246
0.15854035317897797
-0.27630314230918884
-0.0711122527718544
0.1360539346933365
-0.15559914708137512
-0.12737639248371124
0.2446639984846115
0.17203223705291748
-0.066104456782341
0.1995294988155365
0.02851584367454052
0.12357684224843979
0.09211890399456024
0.10910676419734955
0.0417432077229023
-0.0009160517947748303
-0.04681381210684776
-0.008214571513235569
-0.018313396722078323
0.024641362950205803
-0.02217288874089718
-0.0240482185035944
0.04190616309642792
0.010760325938463211
-0.020625008270144463
0.023615209385752678
0.01933380216360092
-0.03712347522377968
-0.026111053302884102
0.010025841183960438
-0.030291901901364326
-0.004309989977627993
-0.018735909834504128
-0.013972531072795391
-0.01653815619647503
-0.006325684022158384
0.0013505443930625916
-0.38284605741500854
-0.06717817485332489
-0.15019194781780243
0.20152434706687927
-0.1812528371810913
-0.19668017327785492
0.3427096903324127
0.08824639022350311
-0.1688401997089386
0.19301174581050873
0.15801873803138733
-0.30360904335975647
-0.21349209547042847
0.08201520889997482
-0.2475963979959488
-0.03534936532378197
-0.1533844769001007
-0.11435084789991379
-0.13541918992996216
-0.05180620029568672
0.0012374792713671923
-0.38648730516433716
-0.06784269213676453
-0.15168501436710358
0.2035374641418457
-0.18305586278438568
-0.19855108857154846
0.34616944193840027
0.08911143988370895
-0.17052268981933594
0.1950242668390274
0.15960842370986938
-0.3065289258956909
-0.21554580330848694
0.0828007161617279
-0.2501307725906372
-0.035705097019672394
-0.15488512814044952
-0.11540621519088745
-0.13676075637340546
-0.05230024829506874
0.0012578052701428533
0.37883278727531433
0.06637337803840637
0.14850005507469177
-0.1993521898984909
0.17938700318336487
0.19458462297916412
-0.3392532765865326
-0.0872340127825737
0.16696417331695557
-0.19099093973636627
-0.1563379168510437
0.3004501760005951
0.2111859768629074
-0.08105208724737167
0.24510720372200012
0.03484006226062775
0.15169787406921387
0.11300225555896759
0.13395707309246063
0.05118890851736069
-0.0012151015689596534
0.3717491328716278
0.0652092695236206
0.14580859243869781
-0.1956944465637207
0.17604735493659973
0.19101287424564362
-0.33290326595306396
-0.0856618583202362
0.16396421194076538
-0.18755711615085602
-0.1534293293952942
0.29480665922164917
0.2073458880186081
-0.07969039678573608
0.24053950607776642
0.03428896516561508
0.14892840385437012
0.11097013205289841
0.13147929310798645
0.05023302882909775
-0.0011754268780350685
0.2818324565887451
0.04946603998541832
0.1105327308177948
-0.1484118402004242
0.1334870606660843
0.1447671502828598
-0.25241655111312866
-0.06494857370853424
0.12431622296571732
-0.14220237731933594
-0.11639319360256195
0.2236020863056183
0.15721449255943298
-0.06040208786725998
0.18232570588588715
0.026013489812612534
0.11290600895881653
0.08417059481143951
0.09968581050634384
0.03813931345939636
-0.0008436974603682756
0.2719581425189972
0.04772544279694557
0.1066708043217659
-0.14318698644638062
0.12880070507526398
0.139730304479599
-0.2435741424560547
-0.06268183141946793
0.11995711922645569
-0.1371895968914032
-0.11230996251106262
0.21573947370052338
0.1516880989074707
-0.058290861546993256
0.17590776085853577
0.025115814059972763
0.10896124690771103
0.08122923225164413
0.09619683027267456
0.036782972514629364
-0.0008243145421147346
-0.3618241250514984
-0.06337431073188782
-0.14188531041145325
0.19048181176185608
-0.17131413519382477
-0.18589287996292114
0.3239343762397766
0.08335044234991074
-0.15955284237861633
0.18253706395626068
0.1493242383003235
-0.287032812833786
-0.20175863802433014
0.07749734073877335
-0.23417866230010986
-0.033327970653772354
-0.14492937922477722
-0.107988141477108
-0.12794707715511322
-0.04886564612388611
0.001122993417084217
0.3221539258956909
0.0564984567463398
0.12632571160793304
-0.16958102583885193
0.15253035724163055
0.1654130071401596
-0.28843241930007935
-0.0742434710264206
0.1420622169971466
-0.16244500875473022
-0.13297362625598907
0.2555086314678192
0.17962343990802765
-0.06903256475925446
0.20841412246227264
0.029748640954494476
0.1290331929922104
0.09618205577135086
0.11392637342214584
0.04358481988310814
-0.0009607409592717886
0.30370503664016724
0.0531906895339489
0.11908572167158127
-0.15988458693027496
0.14380192756652832
0.15602731704711914
-0.2718799412250519
-0.06993342190980911
0.1339300572872162
-0.15318293869495392
-0.12531845271587372
0.24086381494998932
0.1693710833787918
-0.06510314345359802
0.19655665755271912
0.027975747361779213
0.12163116037845612
0.09062764048576355
0.10739169269800186
0.040986187756061554
-0.000894926255568862
-0.33603066205978394
0.449989378452301
0.3373856544494629
-0.44274669885635376
0.28657418489456177
-0.4147430956363678
0.4022989273071289
-0.4322967827320099
0.007389918435364962
-0.34576794505119324
0.05244754999876022
0.4294629395008087
0.43374159932136536
-0.4250955879688263
-0.4171108603477478
-0.31596922874450684
-0.30476710200309753
0.4060031473636627
-0.36113566160202026
-0.3406478464603424
0.31381309032440186
0
11
