3
1
2
20
20
-0.15434782207012177
-0.22112666070461273
-0.20094755291938782
-0.1144585907459259
0.0011265220819041133
0.0019215941429138184
0.0014034411869943142
-0.5387229919433594
0.15269625186920166
0.22035415470600128
0.19791829586029053
0.10843507945537567
0.03823695704340935
0.05800769105553627
0.04793650284409523
0.008159090764820576
-0.015176231972873211
-0.02305205538868904
-0.0189618319272995
0.04876348376274109
-0.13427333533763885
-0.1967974454164505
-0.1710914522409439
-0.08479733765125275
-0.2028277963399887
-0.280376136302948
-0.271642804145813
-0.1639232337474823
0.0006988502573221922
0.001053632702678442
0.0008742843056097627
0.004921578336507082
0.11821450293064117
0.1744050681591034
0.14975795149803162
0.07401029765605927
-0.19876258075237274
-0.27611881494522095
-0.2649395763874054
-0.15598006546497345
0.49643880128860474
0.8085985779762268
-0.035916123539209366
-0.6139978170394897
0.1066344603896141
0.15857219696044922
0.13402211666107178
0.058591730892658234
-0.1044258251786232
-0.15616261959075928
-0.13022001087665558
-0.05224712938070297
0.15066848695278168
0.21797867119312286
0.19501987099647522
0.10552903264760971
0.15510711073875427
0.22266241908073425
0.20170140266418457
0.11387556791305542
-0.1624542474746704
-0.23253493010997772
-0.2118738889694214
-0.11931855231523514
-0.14009281992912292
-0.20452822744846344
-0.17970342934131622
-0.09394349157810211
0.17485132813453674
0.24804729223251343
0.22934095561504364
0.1290677934885025
-0.1463896483182907
-0.2121122181415558
-0.18935313820838928
-0.1031341403722763
-0.1295686960220337
-0.19080524146556854
-0.16459248960018158
-0.07978354394435883
0.04635338857769966
-0.000422577781137079
-0.0460570864379406
-0.011686458252370358
0.004632598254829645
0.04065636172890663
0.060703378170728683
-0.00021243888477329165
-0.03571763262152672
0.05990392342209816
-0.12663544714450836
-0.03230518102645874
0.03153720498085022
-0.04553288593888283
-0.04660693183541298
0.04878191649913788
0.04223466292023659
-0.05281047150492668
0.04420961067080498
0.03916046395897865
-0.020512422546744347
-0.04093847796320915
0.0003421603178139776
0.04061345383524895
0.010323995724320412
-0.004084675572812557
-0.035812538117170334
-0.05346973240375519
0.00018800728139467537
0.03169813007116318
-0.05263153091073036
0.11154692620038986
0.028514940291643143
-0.027867281809449196
0.04012194648385048
0.041160788387060165
-0.043082308024168015
-0.037302568554878235
0.04643898084759712
-0.038990672677755356
-0.034557443112134933
0.01844027079641819
-0.045694850385189056
0.0003775326767936349
0.045317862182855606
0.01152198575437069
-0.004558732267469168
-0.03995297849178314
-0.05968518182635307
0.00020978358224965632
0.03534047305583954
-0.058724526315927505
0.12450823932886124
0.03179601952433586
-0.03108447976410389
0.04476960748434067
0.04593927413225174
-0.048081040382385254
-0.04162994399666786
0.051823150366544724
-0.043508756905794144
-0.03855364769697189
0.019762739539146423
0.03783509507775307
-0.0003025708138011396
-0.037457164376974106
-0.009548923000693321
0.0037670426536351442
0.03310660272836685
0.04929108917713165
-0.0001743877655826509
-0.029141968116164207
0.04857464134693146
-0.10319218784570694
-0.026321815326809883
0.025740059092640877
-0.03698936849832535
-0.03801751509308815
0.03977305442094803
0.03449375554919243
-0.04292193055152893
0.03597547486424446
0.031922053545713425
-0.01720166578888893
-0.050629861652851105
0.0004418821190483868
0.05022360756993294
0.012752211652696133
-0.005053067114204168
-0.04430833086371422
-0.06621141731739044
0.0002320000930922106
0.03898446634411812
-0.06525010615587234
0.1381288468837738
0.035217370837926865
-0.03440643101930618
0.04962879791855812
0.05088948830962181
-0.05327131971716881
-0.04610321298241615
0.05754914879798889
-0.04821193218231201
-0.04271911457180977
0.02162117138504982
-0.03992074728012085
0.00027857653913088143
0.03951810672879219
0.010113479569554329
-0.003962875809520483
-0.03480267897248268
-0.051942143589258194
0.00018571475811768323
0.03091414086520672
-0.0509319007396698
0.10840921849012375
0.027738144621253014
-0.02720707654953003
0.03901679813861847
0.04011903703212738
-0.041967641562223434
-0.0364110954105854
0.045007988810539246
-0.03795172646641731
-0.033647309988737106
0.017310284078121185
0.0448998361825943
-0.0003664557298179716
-0.04449388384819031
-0.011353938840329647
0.004478560760617256
0.03925943002104759
0.05858827382326126
-0.00020656378183048218
-0.03459225967526436
0.057649340480566025
-0.12238772213459015
-0.03123442269861698
0.0305404681712389
-0.04395319148898125
-0.04513290151953697
0.04722984880208969
0.04093480482697487
-0.05089849233627319
0.042720530182123184
0.03787779062986374
-0.019441835582256317
0.052565187215805054
-0.0004204341967124492
-0.052102528512477875
-0.013264771550893784
0.005240554455667734
0.04591016843914986
0.0686350166797638
-0.0002415288327028975
-0.04053804278373718
0.06747646629810333
-0.14315851032733917
-0.03653468191623688
0.03573419153690338
-0.051461897790431976
-0.05283976346254349
0.05530208349227905
0.047889746725559235
-0.05954891815781593
0.05002012103796005
0.04431921988725662
-0.021845903247594833
-0.04708321392536163
0.000387657608371228
0.04672886058688164
0.01184944249689579
-0.004697210155427456
-0.04119403660297394
-0.06158732995390892
0.0002158210554625839
0.03637009114027023
-0.060678865760564804
0.12832337617874146
0.03275458514690399
-0.032001711428165436
0.046170566231012344
0.04733716696500778
-0.049565430730581284
-0.04287894442677498
0.05351204797625542
-0.0448560006916523
-0.0397324301302433
0.01999489963054657
-0.05210499465465546
0.00044244431774131954
0.05167524889111519
0.013118675909936428
-0.005197685211896896
-0.04556439816951752
-0.06812460720539093
0.00023874077305663377
0.040140002965927124
-0.0670914426445961
0.1420544534921646
0.03622627630829811
-0.035401467233896255
0.05105320364236832
0.05237188935279846
-0.05483729764819145
-0.04744502529501915
0.05918176844716072
-0.049605440348386765
-0.043950483202934265
0.021969115361571312
-0.045584872364997864
0.0003826768370345235
0.04518907144665718
0.011489582248032093
-0.004547950811684132
-0.03989778459072113
-0.05954848602414131
0.0002091655187541619
0.03510348126292229
-0.05868183821439743
0.1243402361869812
0.03171839937567711
-0.030992871150374413
0.04465244337916374
0.045807141810655594
-0.04795392230153084
-0.04152106121182442
0.05178719386458397
-0.04338013753294945
-0.0384673997759819
0.01973300240933895
0.04980609193444252
-0.00036667531821876764
-0.049309417605400085
-0.012616177089512348
0.004943090490996838
0.04341874644160271
0.0648675486445427
-0.0002322690124856308
-0.038466665893793106
0.06361187249422073
-0.1353624314069748
-0.03460078686475754
0.03389665111899376
-0.048683468252420425
-0.05006282031536102
0.052386797964572906
0.045397620648145676
-0.05619096755981445
0.04735160619020462
0.041973769664764404
-0.020662004128098488
-0.04771486297249794
0.00033215468283742666
0.047301650047302246
0.012325966730713844
-0.004710629116743803
-0.04178018122911453
-0.06211139261722565
0.0002525243617128581
0.036903828382492065
-0.06090552359819412
0.12952569127082825
0.03337748721241951
-0.032663166522979736
0.04672180488705635
0.04796604439616203
-0.05018865689635277
-0.043549489229917526
0.053859956562519073
-0.04543105140328407
-0.04040243849158287
0.019769582897424698
-0.027333462610840797
0.00012244768731761724
0.027041178196668625
0.006789123639464378
-0.00264566857367754
-0.02378247119486332
-0.03544148802757263
0.0001332696556346491
0.021095426753163338
-0.034719616174697876
0.07370695471763611
0.01896442286670208
-0.018649546429514885
0.026682648807764053
0.027471277862787247
-0.02873341739177704
-0.024942105636000633
0.030707933008670807
-0.025980103760957718
-0.02306690625846386
0.011676022782921791
0.04766988009214401
-0.00037189156864769757
-0.0472327284514904
-0.012065754272043705
0.004748789593577385
0.041617076843976974
0.06217186525464058
-0.00021953621762804687
-0.036842308938503265
0.06107709929347038
-0.1297447830438614
-0.03313889726996422
0.03242805600166321
-0.046644266694784164
-0.04791930317878723
0.05014233663678169
0.043446458876132965
-0.05392064154148102
0.045348118990659714
0.04018944501876831
-0.020153053104877472
0.03612442687153816
-0.000282464170595631
-0.035847265273332596
-0.009105704724788666
0.0036023773718625307
0.03160937502980232
0.04719408228993416
-0.0001659846748225391
-0.02795882150530815
0.046464771032333374
-0.09835802763700485
-0.025171387940645218
0.024594301357865334
-0.0354158915579319
-0.036326561123132706
0.03803327679634094
0.03291837498545647
-0.04100120812654495
0.03441343829035759
0.03050355613231659
-0.016371190547943115
0.0499722920358181
-0.0003638845810201019
-0.04951127991080284
-0.01265602745115757
0.004961698781698942
0.043586377054452896
0.06511875987052917
-0.00023315967700909823
-0.03852998465299606
0.06386736035346985
-0.13590309023857117
-0.03473260998725891
0.03400298207998276
-0.048876095563173294
-0.050265323370695114
0.052578337490558624
0.04561872407793999
-0.05642041936516762
0.04754722863435745
0.04212266579270363
-0.020673539489507675
0.053270649164915085
-0.00042380744707770646
-0.05278030410408974
-0.013427024707198143
0.005306856706738472
0.046526823192834854
0.06953375041484833
-0.0002447411243338138
-0.041022952646017075
0.06836695224046707
-0.14511945843696594
-0.037018343806266785
0.03620078042149544
-0.05213052034378052
-0.053539127111434937
0.0560389906167984
0.04854287952184677
-0.06035112217068672
0.050672464072704315
0.0449087917804718
-0.02209351398050785
0.040688175708055496
-0.00033674712176434696
-0.04033081978559494
-0.010262446478009224
0.00405743345618248
0.035603117197752
0.05311125889420509
-0.0001869327388703823
-0.03135700896382332
0.052307434380054474
-0.1109263002872467
-0.028329739347100258
0.02768954634666443
-0.0398404560983181
-0.04089271277189255
0.04281233996152878
0.03709326684474945
-0.046173859387636185
0.03871558979153633
0.03434319049119949
-0.018282754346728325
0.05053462088108063
-0.0004171144973952323
-0.050108205527067184
-0.012745175510644913
0.0050409031100571156
0.044169288128614426
0.06603018194437027
-0.00023193651577457786
-0.03896484151482582
0.06496110558509827
-0.13769865036010742
-0.035136912018060684
0.03435234725475311
-0.04950123652815819
-0.05079815909266472
0.05317331477999687
0.0460326112806797
-0.057314760982990265
0.04810437187552452
0.04262305796146393
-0.021289488300681114
0.4751571714878082
-0.41702908277511597
-0.46817487478256226
0.38382086157798767
-0.5219116806983948
-0.4058323800563812
0.4595452845096588
0.54366534948349
-0.4831394553184509
-0.5382803678512573
-0.46678054332733154
0.5127328634262085
-0.48949524760246277
-0.2734872102737427
0.4896848797798157
0.3661794066429138
0.5148492455482483
0.5514452457427979
0.4142744839191437
0.521085798740387
0.09512201696634293
0
3
