3
1
2
20
20
0.0922713503241539
-0.003487345529720187
-0.09798086434602737
0.05603143945336342
0.07404813170433044
-0.0026275261770933867
-0.07890839129686356
0.2503024935722351
-0.2174825370311737
0.008983607403934002
0.26074790954589844
0.4268379211425781
0.7807272672653198
0.7164800763130188
-0.2721158266067505
-0.3032585382461548
-0.2268737405538559
0.026154663413763046
0.24093908071517944
0.6123334169387817
-1.6007685661315918
0.47596102952957153
1.682472825050354
4.516495227813721
-0.34825265407562256
0.7325674295425415
0.2133900672197342
0.910851776599884
-0.23140594363212585
0.016871033236384392
0.2583796977996826
0.49088338017463684
-0.1424785554409027
0.8520970344543457
-0.6459323763847351
-1.0219995975494385
-0.445669025182724
0.22021442651748657
0.318315714597702
1.0764762163162231
-0.04709558188915253
0.001995049649849534
0.05370230972766876
0.06684039533138275
0.015567025169730186
-0.07356235384941101
-1.0930850505828857
-1.306701421737671
0.34682998061180115
0.03285419940948486
-0.3850977420806885
-0.4574258327484131
0.03932603448629379
-0.002053136471658945
-0.04087741672992706
0.06897223740816116
0.0730733573436737
1.16767418384552
-0.17724239826202393
-1.5182591676712036
-0.39958807826042175
0.11839863657951355
0.30341416597366333
0.7737119793891907
-0.92600017786026
0.15002332627773285
0.1118195503950119
1.1860594749450684
-0.19835808873176575
1.1519578695297241
0.13896657526493073
1.4864610433578491
0.29328015446662903
0.03961050882935524
-0.3236755430698395
-0.19821122288703918
0.6388076543807983
-1.2886977195739746
-0.49059727787971497
0.043908171355724335
-0.03970298543572426
-0.037318795919418335
0.0693821907043457
-0.2795336842536926
0.06136564165353775
0.6134854555130005
0.2053004652261734
0.07098466157913208
-0.28725364804267883
0.13758321106433868
0.0032348348759114742
-0.28613463044166565
-0.14307165145874023
-0.02226877585053444
-0.3221310079097748
0.11166819930076599
0.22337143123149872
0.286248117685318
-0.11278080940246582
-0.3553709387779236
-0.24085202813148499
0.02803565189242363
0.02436118759214878
-0.06505978107452393
0.21420571208000183
-0.06154625117778778
-0.4444316029548645
-0.16419796645641327
-0.06617289781570435
0.20693297684192657
-0.11367840319871902
-0.011972361244261265
0.21889089047908783
0.11366412788629532
0.010967477224767208
0.22685971856117249
-0.10375694930553436
-0.18067753314971924
-0.23292431235313416
0.0928197130560875
0.2764994204044342
0.21509699523448944
-0.04035891965031624
-0.037169236689805984
0.06553393602371216
-0.26619595289230347
0.06106550619006157
0.5427860021591187
0.18859241902828217
0.06729678064584732
-0.26623907685279846
0.13223758339881897
0.00545479403808713
-0.27412450313568115
-0.13895687460899353
-0.020966939628124237
-0.29478904604911804
0.11039336025714874
0.20548108220100403
0.2763515114784241
-0.11413417756557465
-0.34122198820114136
-0.18846693634986877
0.029554324224591255
0.025542980059981346
-0.06442633271217346
0.21787072718143463
-0.060916684567928314
-0.4187115728855133
-0.15982504189014435
-0.06326211988925934
0.20888586342334747
-0.11219355463981628
-0.01013103686273098
0.2210402935743332
0.11538073420524597
0.011990667320787907
0.23118098080158234
-0.10056377947330475
-0.17394889891147614
-0.22865396738052368
0.09520894289016724
0.2780137360095978
0.1634882241487503
0.028112933039665222
0.024927152320742607
-0.0648876205086708
0.2184821218252182
-0.06113274395465851
-0.4391636550426483
-0.16672641038894653
-0.06784594058990479
0.21154041588306427
-0.11793353408575058
-0.011711062863469124
0.2238508015871048
0.11528065800666809
0.013181359507143497
0.2339976578950882
-0.1036086454987526
-0.18373432755470276
-0.23424652218818665
0.09256846457719803
0.2813616693019867
0.20917946100234985
0.02836509421467781
0.024715319275856018
-0.06295411288738251
0.20556674897670746
-0.058875080198049545
-0.42225152254104614
-0.15682944655418396
-0.06426119059324265
0.19537170231342316
-0.1097426563501358
-0.01088995486497879
0.20948921144008636
0.10993964970111847
0.01248953677713871
0.21430501341819763
-0.09928242862224579
-0.17495179176330566
-0.2200591266155243
0.09059769660234451
0.26443368196487427
0.18651007115840912
0.026253052055835724
0.022088468074798584
-0.06995556503534317
0.21953196823596954
-0.06635095179080963
-0.47215941548347473
-0.17356300354003906
-0.07153260707855225
0.2138519138097763
-0.12148943543434143
-0.01481106411665678
0.22447684407234192
0.11368117481470108
0.009558104909956455
0.23625537753105164
-0.109552763402462
-0.19193710386753082
-0.2454000860452652
0.09216257184743881
0.2828134596347809
0.28219088912010193
-0.04027959704399109
-0.03789006546139717
0.06321456283330917
-0.28312474489212036
0.05649440735578537
0.5842217206954956
0.2094089239835739
0.06715275347232819
-0.29398810863494873
0.1282755583524704
0.004470963031053543
-0.2965991199016571
-0.1454315483570099
-0.02763947658240795
-0.32345137000083923
0.11358416080474854
0.21251444518566132
0.29221877455711365
-0.11974232643842697
-0.366585373878479
-0.1851249784231186
0.02387845329940319
0.019877729937434196
-0.06191200762987137
0.1860010176897049
-0.05869993939995766
-0.37948888540267944
-0.14589643478393555
-0.06324011087417603
0.17496457695960999
-0.10579335689544678
-0.012896329164505005
0.18928256630897522
0.09945285320281982
0.00924796611070633
0.19190986454486847
-0.09545192122459412
-0.16363291442394257
-0.20357806980609894
0.081663116812706
0.23967888951301575
0.1948174238204956
0.025096120312809944
0.02133386954665184
-0.06081664189696312
0.18843324482440948
-0.05714668706059456
-0.37711653113365173
-0.14537179470062256
-0.06169331073760986
0.17753654718399048
-0.10439518839120865
-0.01166248694062233
0.1919676810503006
0.10145747661590576
0.010358504951000214
0.19405899941921234
-0.09471108764410019
-0.1628587394952774
-0.2034240961074829
0.08322039246559143
0.24293965101242065
0.16967424750328064
0.031041152775287628
0.02715974487364292
-0.06679859757423401
0.2322513312101364
-0.06234445422887802
-0.494647741317749
-0.17643949389457703
-0.06583040952682495
0.2273668497800827
-0.12329695373773575
-0.011156302876770496
0.238936185836792
0.1210358515381813
0.010953946970403194
0.25085464119911194
-0.10982105880975723
-0.1935526579618454
-0.24682004749774933
0.09789910912513733
0.2971165180206299
0.23664310574531555
0.018029967322945595
0.013411934487521648
-0.0675874873995781
0.18045470118522644
-0.06501653045415878
-0.3791019916534424
-0.15112586319446564
-0.06905302405357361
0.1714874505996704
-0.11175888776779175
-0.018250634893774986
0.18349042534828186
0.09343560039997101
0.0037655688356608152
0.1896028220653534
-0.10120857506990433
-0.16937537491321564
-0.2101861834526062
0.07551538199186325
0.23318427801132202
0.2946632504463196
0.029869964346289635
0.026168443262577057
-0.0670182853937149
0.23057034611701965
-0.06310991197824478
-0.496936172246933
-0.17642970383167267
-0.06927959620952606
0.227812722325325
-0.1204432025551796
-0.01174059510231018
0.23740437626838684
0.12074106931686401
0.0121148731559515
0.25046882033348083
-0.10883525013923645
-0.1943412870168686
-0.25344017148017883
0.09677880257368088
0.2967735230922699
0.25087714195251465
0.026814214885234833
0.023634713143110275
-0.05925759673118591
0.19164688885211945
-0.05503076687455177
-0.3768351972103119
-0.14481337368488312
-0.060416415333747864
0.18036559224128723
-0.10338130593299866
-0.010095929726958275
0.19520017504692078
0.10398223996162415
0.011660105548799038
0.19724784791469574
-0.09284324198961258
-0.16259504854679108
-0.2017514705657959
0.08530131727457047
0.2467631697654724
0.13873280584812164
-0.021538887172937393
-0.01660865917801857
0.08422181010246277
-0.2519538998603821
0.08087357133626938
0.5795592665672302
0.21116727590560913
0.08596218377351761
-0.2594951391220093
0.14606456458568573
0.022783396765589714
-0.25913286209106445
-0.11992587894201279
-0.003706327872350812
-0.29226404428482056
0.13068054616451263
0.23095868527889252
0.30669450759887695
-0.09491109848022461
-0.3240109086036682
-0.4607189893722534
-0.03404991328716278
-0.030214065685868263
0.06720130145549774
-0.23843500018119812
0.0626438707113266
0.4809783399105072
0.17614582180976868
0.0685824304819107
-0.23195597529411316
0.12025254219770432
0.00962523277848959
-0.24447232484817505
-0.12572209537029266
-0.01616290584206581
-0.25586092472076416
0.108259417116642
0.19469863176345825
0.25186070799827576
-0.10365696996450424
-0.3057902455329895
-0.20143142342567444
0.02555292658507824
0.021779285743832588
-0.06329049915075302
0.19718168675899506
-0.05991256982088089
-0.39939579367637634
-0.15320181846618652
-0.06506229937076569
0.18748483061790466
-0.11024598777294159
-0.012640828266739845
0.20122230052947998
0.10519206523895264
0.009727139957249165
0.20540162920951843
-0.09887949377298355
-0.17032891511917114
-0.21395845711231232
0.08614230155944824
0.2543948292732239
0.19947127997875214
0.02557327412068844
0.021475788205862045
-0.0654640942811966
0.20201189815998077
-0.06178707629442215
-0.41733723878860474
-0.1584627479314804
-0.066837839782238
0.1927163004875183
-0.112013079226017
-0.01340941060334444
0.20579710602760315
0.10681091994047165
0.009976156055927277
0.21173526346683502
-0.10177731513977051
-0.17580640316009521
-0.22249066829681396
0.08732699602842331
0.26038363575935364
0.22590848803520203
0.023217590525746346
0.019054781645536423
-0.06424964219331741
0.18976934254169464
-0.061096012592315674
-0.39071354269981384
-0.15068989992141724
-0.06559567153453827
0.1795564740896225
-0.10923578590154648
-0.0141826793551445
0.19317883253097534
0.10051026195287704
0.008353202603757381
0.1973702609539032
-0.0986897200345993
-0.16883906722068787
-0.21050085127353668
0.08220971375703812
0.24463161826133728
0.22480669617652893
-0.03037864714860916
-0.02647961489856243
0.06981835514307022
-0.2338961362838745
0.06561717391014099
0.48102691769599915
0.17911803722381592
0.07116585969924927
-0.22941052913665771
0.12405381351709366
0.012414972297847271
-0.24024061858654022
-0.12186498194932938
-0.012259235605597496
-0.25322800874710083
0.11035948991775513
0.1945822387933731
0.2548953592777252
-0.099018894135952
-0.30165955424308777
-0.24669188261032104
-0.8860331773757935
0.5990710854530334
-0.8144367933273315
0.5887777209281921
0.6077776551246643
0.5650197863578796
0.6331533193588257
-0.8926644921302795
0.5027099847793579
0.5052091479301453
0.6652357578277588
0.4998437762260437
0.6670639514923096
0.5090601444244385
-0.8285149335861206
-0.7016124725341797
0.5385316014289856
0.5598185658454895
0.5196107029914856
-0.691554605960846
-0.17574933171272278
0.5
20
