2
1
2
20
20
0.014052873477339745
-0.020246202126145363
0.4202811121940613
0.039884649217128754
0.007280715275555849
-0.013641351833939552
0.07658891379833221
0.013780615292489529
-0.030118273571133614
-0.07587820291519165
0.1990981251001358
-0.05489166080951691
-0.09372812509536743
-0.10784721374511719
0.030592141672968864
-9.175809827866033e-05
0.00015323591651394963
0.00031149975256994367
-0.0034568719565868378
0.01759226992726326
1.3430479764938354
0.0065793669782578945
-0.003580308286473155
0.9341103434562683
-0.05252199247479439
0.13778555393218994
-0.03784623369574547
-0.0563981831073761
-0.06477687507867813
0.018334466964006424
-0.07114186137914658
0.18673546612262726
-0.0514841265976429
0.005644707009196281
-0.0030556072015315294
0.821770966053009
-0.044271789491176605
-0.1380482167005539
0.10643122345209122
-0.05588187277317047
0.14663366973400116
-0.04031362384557724
-0.061094582080841064
0.16996115446090698
-0.022048547863960266
0.005791192874312401
-0.0015468013007193804
1.0573757886886597
-0.0013281549327075481
0.02090662159025669
2.1118228435516357
-1.2822406461054925e-06
-1.0353978723287582e-05
-6.315060090855695e-06
0.01758580282330513
-0.025740457698702812
0.5254067778587341
0.007730438373982906
-0.006411307491362095
0.8357323408126831
-0.3533213436603546
-0.586317777633667
-1.1484081745147705
3.09976863861084
-2.256129026412964
0.002816079882904887
0.2913086414337158
-0.06787281483411789
2.1581387519836426
-1.3591129779815674
2.9097445011138916
-0.058401383459568024
-2.2772741317749023
2.294640302658081
2.6370186805725098
-0.03432224690914154
0.34672853350639343
-2.1182495402172208e-05
-0.44759994745254517
-0.11660156399011612
0.03183019533753395
0.059547580778598785
0.1401829719543457
0.1852477639913559
-0.5268720984458923
0.01015244610607624
-0.00018701644148677588
0.26001518964767456
0.16940124332904816
-0.35879480838775635
0.09360823780298233
-0.49521201848983765
0.14820750057697296
0.1320769339799881
-0.3836674690246582
-0.42439836263656616
0.182213693857193
0.4203653633594513
-0.0005241279141046107
0.033777669072151184
0.16201691329479218
0.3114968538284302
0.06607460230588913
0.13912782073020935
0.2213248908519745
-0.5840656757354736
0.20584920048713684
-0.000420187454437837
0.2858096957206726
0.18871013820171356
-0.3999524414539337
0.08242439478635788
-0.5493621230125427
0.164637491106987
0.11325977742671967
-0.42781341075897217
-0.4708661437034607
0.2041490077972412
0.45573949813842773
-0.0008325009257532656
0.06506890058517456
0.17880812287330627
0.2975958287715912
0.11063680797815323
0.08526778221130371
0.1824883222579956
-0.45444920659065247
-0.02016085758805275
-8.536660607205704e-05
0.21347515285015106
0.14297226071357727
-0.3111778795719147
0.07337593287229538
-0.4269489347934723
0.1236555352807045
0.06481771171092987
-0.33229586482048035
-0.3662315309047699
0.1571054756641388
0.34448370337486267
-0.00014778437616769224
0.12856325507164001
0.13834218680858612
0.30861973762512207
0.002749653533101082
0.00011432835890445858
0.002769405022263527
-0.0002503221039660275
0.00592747051268816
-7.767575311845576e-07
0.005399520043283701
0.0040146782994270325
-0.00014524963626172394
0.0012312140315771103
-0.00019409102969802916
0.0035167518071830273
0.008914888836443424
-0.00015419612464029342
-0.0002572276280261576
0.004508293233811855
0.008627014234662056
2.3730591180992633e-07
0.006583302281796932
0.0036689050029963255
-0.04772788658738136
0.12367595732212067
0.08740515261888504
0.0852731466293335
-0.4629054069519043
0.12154927104711533
-6.34767347946763e-05
0.22343984246253967
0.14660696685314178
-0.3163508176803589
0.05488671734929085
-0.43453240394592285
0.12761563062667847
0.056280896067619324
-0.33842554688453674
-0.37316569685935974
0.16236849129199982
0.3643782138824463
-0.00011295892181806266
0.1530715376138687
0.12867364287376404
0.3072967827320099
-0.2786409556865692
-0.34908583760261536
-0.6362881660461426
1.7906537055969238
-0.8444231152534485
0.0018404913134872913
0.16295471787452698
-0.1042274460196495
1.2322872877120972
-0.501091480255127
1.6778286695480347
-0.08756264299154282
-0.9387626051902771
1.3119696378707886
1.5861687660217285
-0.07847727090120316
0.15993525087833405
-6.764165391359711e-06
-0.35905489325523376
-0.13397888839244843
0.18244501948356628
-0.3574642539024353
-0.6043142676353455
-1.184796929359436
3.2117385864257812
-2.334245443344116
0.0029019759967923164
0.28982454538345337
-0.06469634175300598
2.2305469512939453
-1.4044972658157349
3.013209581375122
-0.055751439183950424
-2.347973108291626
2.3723959922790527
2.7249817848205566
-0.030836990103125572
0.3362170457839966
-1.8339256712351926e-05
-0.45063260197639465
-0.11299748718738556
0.06462758779525757
0.1407417505979538
0.1207653135061264
0.13099271059036255
-0.5192977786064148
0.16389742493629456
-0.0001612206979189068
0.25045332312583923
0.16975581645965576
-0.35509952902793884
0.0641402006149292
-0.48772957921028137
0.1431674212217331
0.019342388957738876
-0.37914180755615234
-0.4183872640132904
0.18341417610645294
0.4005458950996399
-0.00031557725742459297
0.14242595434188843
0.12771233916282654
0.2939525842666626
0.001877328846603632
-0.00319777918048203
-0.0014832955785095692
0.008092556148767471
0.003676926251500845
4.432304194779135e-06
0.008577322587370872
0.005859358236193657
0.0055319261737167835
-0.0003022626042366028
0.007903080433607101
0.005161335691809654
0.001813901704736054
0.005936916917562485
0.006886392366141081
0.006700761150568724
0.01350050512701273
1.139100277214311e-06
0.006312818732112646
0.005392315331846476
-0.06601904332637787
0.07007461041212082
0.06855487823486328
0.1672000139951706
-0.40894681215286255
0.03680663928389549
-6.108973320806399e-05
0.1909717321395874
0.1292090266942978
-0.28003358840942383
0.01982744410634041
-0.38443657755851746
0.11075088381767273
-0.02672952599823475
-0.29811543226242065
-0.329987496137619
0.14211398363113403
0.31105753779411316
-6.752811168553308e-05
0.06877537071704865
0.11573904752731323
0.4326098561286926
0.07773328572511673
0.08067908138036728
0.1341305822134018
-0.45266449451446533
0.13968922197818756
-5.649675222230144e-05
0.2165004312992096
0.14454860985279083
-0.31013044714927673
0.04314447194337845
-0.4246450364589691
0.12426051497459412
0.015035551972687244
-0.33109086751937866
-0.3640225827693939
0.1591489613056183
0.3509055972099304
-5.463618435896933e-05
0.09715024381875992
0.12949757277965546
0.34424516558647156
0.0053912620060145855
1.2828143553633709e-05
0.005774352233856916
-0.0021242760121822357
0.07630637288093567
-1.1024069863196928e-05
0.0019664238207042217
0.002516995184123516
-0.0015788063174113631
0.003989520948380232
-0.0020048643928021193
0.0021425746381282806
0.018745828419923782
-0.0017144799930974841
-0.002477914560586214
0.0026187512557953596
0.003565103281289339
7.08480058619898e-07
0.0005224705091677606
0.0024697696790099144
-0.040870506316423416
0.07071107625961304
0.06872376799583435
0.1178189218044281
-0.39856135845184326
0.08401530981063843
-4.939017162541859e-05
0.18763719499111176
0.12614759802818298
-0.2738097310066223
0.020230336114764214
-0.3741275370121002
0.1085890680551529
0.02541216090321541
-0.292228102684021
-0.3204827606678009
0.13955466449260712
0.3036666214466095
-4.178868039161898e-05
0.10537409037351608
0.11231829971075058
0.3802501857280731
0.06590618938207626
0.07947254180908203
0.15478286147117615
-0.4581051468849182
0.04542801156640053
-4.819265814148821e-05
0.20113027095794678
0.13739870488643646
-0.3163098394870758
0.029246890917420387
-0.42951974272727966
0.11951715499162674
-0.00029984451248310506
-0.33673375844955444
-0.36935368180274963
0.1522590070962906
0.3194357454776764
-2.160871372325346e-05
0.08184000104665756
0.12274207919836044
1.0607891082763672
-0.0007988392026163638
-0.001270454260520637
-0.001162383588962257
0.004650377202779055
0.0011453249026089907
3.911136900569545e-06
0.007841083221137524
0.005364608485251665
0.00311252917163074
-0.0003654711472336203
0.0045364368706941605
0.004738455638289452
0.004031089134514332
0.003356554079800844
0.0039049636106938124
0.00615728460252285
0.012396762147545815
5.610052085103234e-07
0.005597531795501709
0.0049360645934939384
-0.05952366068959236
3.257802632106177e-07
2.16051795331214e-19
0.00024912343360483646
-3.0291045307513265e-34
0.011253105476498604
-1.7074200086600175e-34
-8.84364359521328e-10
3.971432459837061e-34
3.986857848303771e-07
0.0031391310039907694
1.9266517713870377e-34
-1.6329547948200146e-35
-0.005117927677929401
-9.83611425908748e-06
-2.2642758187368236e-18
1.009604317683675e-34
-1.6710173363379514e-34
4.698234647643231e-34
-6.595944432774559e-05
1.8451397329409066e-34
-0.0595906525850296
0.04429321736097336
0.05256594717502594
0.10270113497972488
-0.30319222807884216
0.029117349535226822
-3.229847061447799e-05
0.13118895888328552
0.09094752371311188
-0.20931437611579895
0.018708063289523125
-0.2843012809753418
0.0791267454624176
-0.0025291009806096554
-0.22280432283878326
-0.24421444535255432
0.10156401246786118
0.211148202419281
-1.535121919005178e-05
0.054902333766222
0.08147143572568893
0.6279242634773254
0.055402643978595734
0.06588967889547348
0.12851525843143463
-0.3782324194908142
0.05183978006243706
-3.96732211811468e-05
0.1711895912885666
0.11622714251279831
-0.2608901262283325
0.02373979240655899
-0.3546725809574127
0.1007426455616951
-0.006518421228975058
-0.2778303623199463
-0.3048398792743683
0.12937720119953156
0.2771431505680084
-1.7605143511900678e-05
0.06857745349407196
0.10359589010477066
0.6298859715461731
-0.00531239015981555
-0.009302345104515553
-0.022393235936760902
0.0464860275387764
0.028368446975946426
1.7036487406585366e-05
0.015843993052840233
0.010079900734126568
0.031555917114019394
-0.0005913855275139213
0.04478364437818527
0.008864449337124825
0.04758215323090553
0.03655276075005531
0.03593926504254341
0.011679784394800663
0.025051040574908257
4.251922291587107e-06
-0.0010037984466180205
0.00890742801129818
-0.10809164494276047
-2.2832653522491455
0.38774678111076355
0.4313114881515503
0.3361300230026245
-0.001531612011604011
0.34119775891304016
-1.2308509349822998
-2.3589470386505127
0.38283759355545044
-0.0055579496547579765
0.3028232753276825
0.33481717109680176
-0.0072038848884403706
0.29619312286376953
0.34318986535072327
-0.0031411086674779654
-1.2918727843871424e-27
0.2269173562526703
0.2826690673828125
-0.029118461534380913
0.28410738706588745
4
1
