3
1
2
20
20
0.05676493048667908
-0.015255517326295376
-0.060137100517749786
-0.08123699575662613
-0.032758522778749466
0.008668545633554459
0.03483734279870987
0.0471407026052475
-0.007569612003862858
0.002082440070807934
0.00812285952270031
0.011591006070375443
0.011528336443006992
-0.003100488567724824
-0.012512990273535252
-0.017300227656960487
0.00012185458763269708
-3.0528481147484854e-05
-9.118313755607232e-05
-0.04602516442537308
0.01676918752491474
-0.004469648934900761
-0.01800471730530262
-0.024664180353283882
0.06777548789978027
-0.018404807895421982
-0.07172280550003052
-0.09675384312868118
-0.06019365414977074
0.016228647902607918
0.06375771015882492
0.08611569553613663
-0.014696227386593819
0.003918975591659546
0.01571008190512657
0.021620990708470345
-0.015519734472036362
0.004152860026806593
0.01668451353907585
0.022914068773388863
-0.002042351756244898
0.0004460567142814398
0.0023213049862533808
0.003392249345779419
-0.04886084422469139
0.01304852869361639
0.05183464661240578
0.07016044855117798
0.021898357197642326
-0.005805782973766327
-0.023373883217573166
-0.03187734633684158
0.05826549232006073
-0.015681512653827667
-0.06173344701528549
-0.08338169753551483
0.05326260253787041
-0.01427297294139862
-0.0564669668674469
-0.07626990973949432
0.02405257523059845
-0.006361823063343763
-0.025628481060266495
-0.03481224551796913
0.00448321970179677
-0.0011975914239883423
-0.004784449934959412
-0.01957215927541256
0.0068156421184539795
-0.0018485753098502755
-0.007433366496115923
-0.011072535999119282
0.06006849929690361
-0.016192851588129997
-0.06362637132406235
-0.08593278378248215
-0.04691781476140022
0.01251058466732502
0.04978488013148308
0.06731535494327545
-0.19561803340911865
0.11305373907089233
0.026290949434041977
-0.04017332196235657
-0.00045626499922946095
-0.058104585856199265
-0.23349909484386444
0.20742635428905487
0.050946272909641266
0.05375552549958229
0.007106009405106306
0.16845232248306274
-0.07574651390314102
-0.20079462230205536
-0.1836061179637909
-0.08305676281452179
-0.015510736964643002
-0.02371007390320301
-0.20700018107891083
0.1617836207151413
0.0015369997126981616
0.1818111538887024
-0.10508617013692856
-0.024432025849819183
0.037331417202949524
0.00045162515016272664
0.05400097370147705
0.21699075400829315
-0.19277893006801605
-0.047327231615781784
-0.04995230212807655
-0.006609034724533558
-0.15655501186847687
0.07041028141975403
0.18661963939666748
0.17063094675540924
0.07719965279102325
0.01442578062415123
0.022027282044291496
0.1923864781856537
-0.15036797523498535
-0.002123213140293956
0.20319825410842896
-0.11741399019956589
-0.02730843797326088
0.04173126816749573
0.0004673261719290167
0.06036356836557388
0.24262499809265137
-0.21547065675258636
-0.052901335060596466
-0.05585154518485069
-0.007393065840005875
-0.1750010848045349
0.07866811752319336
0.20858582854270935
0.19072061777114868
0.08626419305801392
0.01611355133354664
0.024640213698148727
0.2150260955095291
-0.16803978383541107
-0.0011660124873742461
-0.16979344189167023
0.0980885848402977
0.022820767015218735
-0.03486930578947067
-0.00038729829248040915
-0.05042385309934616
-0.2026219666004181
0.180029958486557
0.044202771037817
0.046629950404167175
0.0061727226711809635
0.1461763083934784
-0.06569696962833405
-0.17427170276641846
-0.1593579649925232
-0.07207971811294556
-0.013450097292661667
-0.020579345524311066
-0.17967920005321503
0.14042742550373077
0.002513781888410449
-0.1705194115638733
0.09855598956346512
0.022915935143828392
-0.03501318395137787
-0.0004276675754226744
-0.050651665776968
-0.20351450145244598
0.18081030249595642
0.04440651834011078
0.04685008525848389
0.0061956243589520454
0.14680583775043488
-0.06603480875492096
-0.17503902316093445
-0.16002875566482544
-0.07237956672906876
-0.013517833314836025
-0.02065933868288994
-0.1804429292678833
0.1410047560930252
0.002497737528756261
0.20067274570465088
-0.11594865471124649
-0.02697400189936161
0.041211605072021484
0.000460159033536911
0.059609442949295044
0.23958824574947357
-0.2127930074930191
-0.05223817378282547
-0.055153872817754745
-0.007303179707378149
-0.17281417548656464
0.07769019901752472
0.20599454641342163
0.1883542239665985
0.08517466485500336
0.01591118425130844
0.024335158988833427
0.2123548686504364
-0.1659545600414276
-0.001297097303904593
-0.1934286206960678
0.11177299916744232
0.025995731353759766
-0.03972698003053665
-0.0004266326141078025
-0.05744780972599983
-0.2309388369321823
0.20512112975120544
0.05035199597477913
0.05315125733613968
0.00703884894028306
0.16653960943222046
-0.07486798614263535
-0.1985619217157364
-0.18154917657375336
-0.08211234956979752
-0.015332818031311035
-0.02345254085958004
-0.20468319952487946
0.1599268913269043
0.001646540011279285
-0.12038282305002213
0.06953755021095276
0.01616750657558441
-0.024709215387701988
-0.0002809843863360584
-0.035725317895412445
-0.14365406334400177
0.12767566740512848
0.03132286295294762
0.033045005053281784
0.004377083387225866
0.10357365012168884
-0.04656415432691574
-0.12359026819467545
-0.11299599707126617
-0.05107821896672249
-0.009530921466648579
-0.01458328403532505
-0.12740090489387512
0.09949081391096115
0.0031379556749016047
0.198383167386055
-0.11462376266717911
-0.02666105143725872
0.04074288532137871
0.0004355566343292594
0.05892690271139145
0.23689022660255432
-0.21036817133426666
-0.051645200699567795
-0.054524701088666916
-0.007218911312520504
-0.17082752287387848
0.07679526507854462
0.2036462426185608
0.18619056046009064
0.08421414345502853
0.01572936400771141
0.024057477712631226
0.20993638038635254
-0.16404251754283905
-0.001416478306055069
0.18112869560718536
-0.10467199981212616
-0.024339033290743828
0.03719792515039444
0.00042353023309260607
0.05379365384578705
0.2161511480808258
-0.19206158816814423
-0.04714014753699303
-0.04976000264286995
-0.00658532977104187
-0.15593169629573822
0.07012240588665009
0.18592184782028198
0.1700083613395691
0.07690023630857468
0.01434994488954544
0.02195499651134014
0.1916726678609848
-0.14974038302898407
-0.0021448929328471422
0.1972738802433014
-0.11401284486055374
-0.026513222604990005
0.04051489010453224
0.0004709676140919328
0.058601658791303635
0.2354906052350998
-0.20920246839523315
-0.05136560648679733
-0.05421523004770279
-0.007176252547651529
-0.16989505290985107
0.07638822495937347
0.2025180160999298
0.18517352640628815
0.08376757055521011
0.015639176592230797
0.02391720749437809
0.20877200365066528
-0.16316664218902588
-0.001454811543226242
0.028443718329072
-0.016422681510448456
-0.0038188903126865625
0.005830003414303064
7.161232497310266e-05
0.008440541103482246
0.033968232572078705
-0.030163777992129326
-0.007395447231829166
-0.007809473667293787
-0.0010304863099008799
-0.024498797953128815
0.011005471460521221
0.029203392565250397
0.0266951285302639
0.01206284947693348
0.002254665829241276
0.003443954512476921
0.030105315148830414
-0.023522092029452324
-0.00083592114970088
-0.17824199795722961
0.10301481932401657
0.02395940199494362
-0.03660930320620537
-0.00040010633529163897
-0.052925970405340195
-0.21277950704097748
0.1890256553888321
0.046404171735048294
0.04896056279540062
0.006483796052634716
0.15343503654003143
-0.06898228824138641
-0.18298344314098358
-0.16733716428279877
-0.0756630152463913
-0.01412471104413271
-0.021610209718346596
-0.1886560171842575
0.14739161729812622
0.0022481651976704597
-0.01890426315367222
0.010915704071521759
0.002537491964176297
-0.0038777408190071583
-4.4987955334363505e-05
-0.00560904573649168
-0.022586144506931305
0.02008488029241562
0.004915725439786911
0.005190713796764612
0.0006849943310953677
0.016282884404063225
-0.007311543449759483
-0.01940331794321537
-0.017770735546946526
-0.00801579374819994
-0.001498680911026895
-0.002288141055032611
-0.02001095935702324
0.015627006068825722
-0.00021853245561942458
-0.09478963166475296
0.054732777178287506
0.012725959531962872
-0.01945352740585804
-0.0002473951317369938
-0.028130704537034035
-0.11314551532268524
0.10050507634878159
0.024660484865307808
0.026022717356681824
0.003441277891397476
0.08161195367574692
-0.036670949310064316
-0.0972844809293747
-0.0889376699924469
-0.040207456797361374
-0.0075135487131774426
-0.011469469405710697
-0.1003124788403511
0.07837221026420593
0.002901932457461953
0.09229115396738052
-0.05330673232674599
-0.012391345575451851
0.018933424726128578
0.00021364404528867453
0.027388202026486397
0.1101742684841156
-0.09786276519298553
-0.02400394342839718
-0.02533995732665062
-0.0033538241405040026
-0.07944127172231674
0.03570210561156273
0.09473947435617447
0.08660867810249329
0.03915198892354965
0.007310971617698669
0.011179373599588871
0.09766499698162079
-0.07629404217004776
-0.002876751823350787
-0.10001173615455627
0.05777575075626373
0.01342994999140501
-0.02052309736609459
-0.0002482628624420613
-0.02967686951160431
-0.11936285346746445
0.10606232285499573
0.026023058220744133
0.02745777554810047
0.003633847925812006
0.0860920324921608
-0.03868633881211281
-0.10268104076385498
-0.0938730239868164
-0.042424727231264114
-0.007920520380139351
-0.012114186771214008
-0.10582628846168518
0.08268909901380539
0.0029622004367411137
0.024842742830514908
-0.01434579398483038
-0.0033313599415123463
0.005095755681395531
6.402569124475121e-05
0.0073747592978179455
0.029702002182602882
-0.026346879079937935
-0.0064606512896716595
-0.006822605617344379
-0.0009031457593664527
-0.021395547315478325
0.009611938148736954
0.025502968579530716
0.023314226418733597
0.010534745641052723
0.001969338860362768
0.003008449450135231
0.026290524750947952
-0.020536862313747406
-0.0005653827684000134
-0.0004225878801662475
0.00024847561144270003
5.6765937188174576e-05
-8.657255239086226e-05
-1.220290641867905e-06
-0.0001280892320210114
-0.0005149543867446482
0.0004512239247560501
0.00011045598512282595
0.00011954936053371057
1.549839180370327e-05
0.00037359161069616675
-0.00016350361693184823
-0.00043583367369137704
-0.000402391015086323
-0.0001796137948986143
-3.443099922151305e-05
-5.1686078222701326e-05
-0.0004412135749589652
0.00035156813100911677
-0.08172564208507538
0.18760783970355988
-0.10843878984451294
-0.02523152530193329
0.03851944953203201
0.0004411121772136539
0.05572880804538727
0.22392119467258453
-0.1989280730485916
-0.04886027052998543
-0.05155368521809578
-0.006820997688919306
-0.16159245371818542
0.07266648858785629
0.19257812201976776
0.17609630525112152
0.07967279106378555
0.014916695654392242
0.022717196494340897
0.19851960241794586
-0.15516801178455353
-0.0018968542572110891
-0.20995506644248962
0.19506403803825378
0.21814128756523132
-0.1821354627609253
-0.1828957498073578
0.21540899574756622
-0.20758019387722015
-0.12909288704395294
0.21293103694915771
0.19433601200580597
0.21175943315029144
0.030524268746376038
-0.1912146508693695
-0.02028249204158783
-0.10166381299495697
0.09898760169744492
-0.1072772890329361
0.026656366884708405
-0.000419487536419183
0.20131023228168488
0.4699212312698364
0
10
