4
1
2
20
20
0.003145863302052021
0.0038637900725007057
-0.017503010109066963
-0.005986053962260485
0.9067782163619995
0.0025273566134274006
0.003114736871793866
-0.014050023630261421
-0.004789124708622694
0.5564835667610168
0.0034280584659427404
0.00421528983861208
-0.01910080946981907
-0.006514288950711489
1.1250932216644287
0.0017846550326794386
0.002432036679238081
-0.009990443475544453
-0.003611718537285924
0.6513938903808594
0.002714035799726844
0.003356375964358449
-0.015128466300666332
-0.005271653179079294
0.880850076675415
-0.08773386478424072
-0.09602231532335281
0.41317909955978394
0.147739440202713
0.46933653950691223
0.0029263931792229414
0.0036041676066815853
-0.016319148242473602
-0.00556364469230175
0.8945560455322266
0.0036971208173781633
0.004496340174227953
-0.020347263664007187
-0.006793730426579714
0.799311101436615
0.002660627942532301
0.0032730046659708023
-0.014812659472227097
-0.0050473581068217754
0.7228059768676758
0.0060225301422178745
0.00700780376791954
-0.03195784613490105
-0.010620162822306156
1.9268405437469482
0.0030195466242730618
0.0037178820930421352
-0.0168254803866148
-0.005822070874273777
1.028752088546753
0.0025906097143888474
0.0032381603959947824
-0.014470168389379978
-0.00506979413330555
0.9039716720581055
0.002508182544261217
0.0031292804051190615
-0.013982066884636879
-0.004911663010716438
0.8066287636756897
0.0031028848607093096
0.003804620122537017
-0.017251992598176003
-0.0058838678523898125
0.7459659576416016
0.002798802684992552
0.0034534456208348274
-0.015523129142820835
-0.00543700298294425
0.9479551315307617
0.003380971262231469
0.004153866320848465
-0.018777351826429367
-0.006293374579399824
0.840079665184021
0.0029987005982548
0.003691859543323517
-0.016728846356272697
-0.005767538212239742
0.9753938317298889
0.0029910532757639885
0.0036893230862915516
-0.0166573878377676
-0.005773426499217749
1.0420221090316772
0.002457092981785536
0.003029866609722376
-0.013704540207982063
-0.004830664023756981
0.762687623500824
0.002777370624244213
0.003446093760430813
-0.015422666445374489
-0.005395535845309496
0.9754876494407654
0.07134971767663956
0.056883305311203
0.07810906320810318
0.041163474321365356
0.06179007887840271
-1.6306501626968384
0.06652525067329407
0.08246991038322449
0.06023000553250313
0.13095492124557495
0.06888274848461151
0.05920574069023132
0.05716788396239281
0.07004787772893906
0.06381324678659439
0.07623688876628876
0.06832332164049149
0.0682789757847786
0.055956918746232986
0.0634189248085022
0.5668496489524841
0.10751964151859283
0.0866163820028305
0.11671778559684753
0.0612499862909317
0.09250089526176453
-2.5398807525634766
0.09990721195936203
0.12549299001693726
0.09100506454706192
0.1946176141500473
0.10272065550088882
0.08820317685604095
0.08566553890705109
0.10637323558330536
0.09522423893213272
0.11558803915977478
0.10221029072999954
0.10165253281593323
0.08402793109416962
0.09439218789339066
1.0863629579544067
0.09629029035568237
0.07745859771966934
0.10495396703481674
0.055182602256536484
0.08311176300048828
-2.2352726459503174
0.08964303880929947
0.11212179809808731
0.08149625360965729
0.17536820471286774
0.09245703369379044
0.07942903786897659
0.07693381607532501
0.09505908936262131
0.08569228649139404
0.10342471301555634
0.09185171872377396
0.09157538414001465
0.07538445293903351
0.08504614233970642
0.41899433732032776
9.086052887141705e-05
7.073084998410195e-05
9.684661199571565e-05
5.6027733080554754e-05
8.144943421939388e-05
-0.0017163653392344713
8.735700976103544e-05
9.876279364107177e-05
7.615715730935335e-05
0.00016794539988040924
8.870277088135481e-05
7.701462891418487e-05
7.585426646983251e-05
8.208971848944202e-05
8.136295946314931e-05
9.366180165670812e-05
9.092853724723682e-05
9.109353413805366e-05
6.837835826445371e-05
8.404366235481575e-05
0.016730666160583496
7.474620175965377e-36
6.67957589192198e-36
3.3585700985873335e-36
7.518711258628605e-36
7.471989232493413e-36
7.533453725621217e-36
3.5884476759670247e-34
6.382757828620843e-36
6.72885854997739e-36
7.322328942207692e-36
-3.6981117566167215e-36
1.3615201971815985e-37
-6.840495357529634e-36
5.923995042493225e-36
6.653923654971724e-36
-5.425886485980418e-36
7.738373155860755e-36
7.566053891827677e-36
-9.908841253186455e-36
6.527928224102215e-36
-0.07293873280286789
0.09471520036458969
0.0762643963098526
0.10303791612386703
0.054135601967573166
0.0816306620836258
-2.230027914047241
0.08809220045804977
0.11040511727333069
0.08016741275787354
0.171995609998703
0.09073659777641296
0.07793724536895752
0.07556603103876114
0.09359066933393478
0.08410605043172836
0.10174291580915451
0.09020710736513138
0.08983766287565231
0.07408532500267029
0.0834292396903038
0.4798688292503357
0.09544451534748077
0.07665645331144333
0.10397320985794067
0.054655998945236206
0.0823264867067337
-2.2271223068237305
0.08880408853292465
0.11097946017980576
0.08070717751979828
0.17380426824092865
0.09158221632242203
0.07866716384887695
0.07620687782764435
0.09411244839429855
0.08487258106470108
0.10241847485303879
0.09099435061216354
0.09069830179214478
0.0746929943561554
0.08422628045082092
0.49684014916419983
-3.980322953775042e-36
7.808618700843854e-36
7.459524716284407e-36
7.190857819879763e-36
7.226308473791188e-36
7.764412823810428e-36
-7.335644371685787e-36
8.969772886908139e-21
2.5960050707101263e-33
8.27808462706276e-36
-3.734470003517521e-36
4.611624548168741e-36
-1.0225694521411123e-35
7.090983130483878e-36
2.213507030344018e-26
4.271238272616427e-22
6.981536743007965e-36
-3.832614526515085e-36
7.737738916965414e-36
7.236249666250291e-36
-0.07976184040307999
0.09276020526885986
0.07518657296895981
0.10110272467136383
0.053193505853414536
0.08006361871957779
-2.1372838020324707
0.08643347769975662
0.10859426856040955
0.07870560884475708
0.16895322501659393
0.0890665203332901
0.0765305832028389
0.07410137355327606
0.09183098375797272
0.08259135484695435
0.0999356210231781
0.08848132938146591
0.08823474496603012
0.0726625919342041
0.08194907754659653
0.38040271401405334
0.11303601413965225
0.09099014103412628
0.12316735088825226
0.06480452418327332
0.09753061830997467
-2.58426833152771
0.10522645711898804
0.1318741887807846
0.09572730958461761
0.20575086772441864
0.10850230604410172
0.0932270884513855
0.09028710424900055
0.11168734729290009
0.10058537125587463
0.1214839443564415
0.10779155045747757
0.10747344046831131
0.08848057687282562
0.09981872886419296
0.4424978494644165
-4.2602239142331385e-36
-1.6017810921562218e-36
5.698853149013772e-36
-5.8569275079025625e-36
-9.083682101051374e-37
4.6279597870478435e-36
1.3462135786376365e-36
-9.938573712532418e-37
-2.4279045170009613e-36
-5.538147129188204e-36
-3.8848868604493254e-36
3.305990330980408e-36
-6.559785096761645e-36
-5.2986634728146095e-36
4.594168629250585e-36
-6.368214816846448e-36
-3.927274322912341e-36
3.9940828527052456e-36
-4.7443146432152046e-36
-6.504234666093453e-36
-0.07227795571088791
0.09128626435995102
0.07397981733083725
0.09939286857843399
0.05228886380791664
0.07873429358005524
-2.106381893157959
0.08498231321573257
0.10701378434896469
0.07745146751403809
0.16616010665893555
0.08756013959646225
0.07523228228092194
0.07286283373832703
0.09041960537433624
0.081191785633564
0.09835412353277206
0.08699893951416016
0.08673422038555145
0.0714951753616333
0.08055782318115234
0.37957727909088135
-4.9604828455368755e-36
7.515397288653966e-36
6.657537525238503e-36
7.527334468224878e-36
2.230403134836826e-36
-6.347096240054179e-36
3.219520754164336e-36
8.503532878017677e-36
3.148807780855089e-36
2.9816854732002956e-36
-4.9606148590626027e-36
8.834223172640025e-36
-3.850781811796058e-36
6.819850307514429e-36
7.519755169932588e-36
1.3266099352567505e-33
6.538149945303487e-36
9.348672707750444e-36
6.186920067993554e-36
6.303566214875291e-36
-0.07013491541147232
5.423081557291124e-37
8.511695475203532e-36
7.240278948644223e-36
-3.439705324513291e-36
-6.40962258110631e-36
6.35707187082434e-36
2.0274394239964265e-37
2.677799843385265e-36
-7.550022858029598e-36
-2.7195641876575526e-36
-6.797733019701442e-36
7.84917626929944e-36
8.015140947477274e-36
-7.149292213360879e-36
3.4336671406409034e-36
-5.9774981873154265e-36
-7.378250302184585e-36
-2.1723912617589147e-36
7.27079416210197e-36
-4.757762086219027e-36
-0.07763143628835678
0.06543715298175812
0.0526399202644825
0.07121551781892776
0.037444498389959335
0.05641939491033554
-1.558547854423523
0.06087822839617729
0.07620630413293839
0.05537654832005501
0.11885710060596466
0.0627308115363121
0.05389106646180153
0.05223872885107994
0.06460751593112946
0.05814427509903908
0.07024753838777542
0.062347661703825
0.062115587294101715
0.05120786279439926
0.05768844857811928
0.6901259422302246
6.002329285786364e-36
5.453337443227404e-29
7.098502161731814e-36
4.769121347882475e-36
7.192825108399022e-36
7.04748180389754e-36
7.116551424050928e-36
7.974654408038247e-36
2.2724706079929166e-36
4.72324593022749e-36
7.142173527479007e-36
7.163820875838999e-36
7.157624132242776e-36
7.345563322735664e-36
7.153376740545469e-36
2.7284523979337303e-31
-7.893275961540433e-36
3.536167751255055e-36
7.193842473504897e-36
-8.012597714078789e-37
-0.08486488461494446
0.09416138380765915
0.07475024461746216
0.10332546383142471
0.054511427879333496
0.08170530200004578
-2.0908751487731934
0.08789270371198654
0.10837166756391525
0.0794043093919754
0.17343173921108246
0.09116533398628235
0.0783766508102417
0.07556919008493423
0.09221288561820984
0.08443965017795563
0.10038533061742783
0.09034750610589981
0.09039942175149918
0.07391976565122604
0.08396998792886734
0.5960129499435425
0.060284510254859924
0.04842103645205498
0.06564570963382721
0.034556034952402115
0.05201974883675575
-1.4375746250152588
0.05610647425055504
0.07010132819414139
0.05100559443235397
0.10946788638830185
0.057842351496219635
0.04970481991767883
0.048163075000047684
0.059482086449861526
0.05361710488796234
0.06467366218566895
0.05747852101922035
0.057280201464891434
0.04720938950777054
0.053204331547021866
0.637411892414093
0.10682974755764008
0.08508260548114777
0.11696133762598038
0.06148311123251915
0.09246811270713806
-2.4022555351257324
0.09958907961845398
0.123359814286232
0.09010616689920425
0.19623059034347534
0.10309849679470062
0.08856526762247086
0.08552258461713791
0.10479201376438141
0.09549235552549362
0.11413118988275528
0.10225921124219894
0.10218324512243271
0.08371491730213165
0.09488517791032791
0.5904299020767212
0.03595706447958946
0.027597038075327873
0.040214940905570984
0.02152334898710251
0.03172221779823303
-0.7018237709999084
0.03382153809070587
0.0399702712893486
0.030066225677728653
0.06813447177410126
0.03566887602210045
0.030760347843170166
0.029291611164808273
0.03437405452132225
0.03299908712506294
0.0376102551817894
0.035091742873191833
0.03549104556441307
0.02850540354847908
0.0330013632774353
2.957051992416382
0.5290743112564087
0.8231728076934814
0.7247263789176941
0.0006019724532961845
-3.0573711502919835e-37
0.7225596904754639
0.7219985723495483
-4.497101289987742e-37
0.6931636929512024
0.8384413123130798
-4.967858204455861e-37
0.6831198334693909
8.211221121528503e-38
-4.739744751084124e-37
0.5049185156822205
-5.489520144289446e-37
0.6792261004447937
0.4658204913139343
0.7798075079917908
0.23500841856002808
0.5052037239074707
10
1
