2
1
2
20
20
0.04749051481485367
0.020417477935552597
0.000492292339913547
0.013752935454249382
0.005988767370581627
0.00030198320746421814
0.009899450466036797
0.0043779779225587845
0.00031182862585410476
-0.04978303983807564
-0.021403374150395393
-0.0005104346200823784
-0.017812317237257957
-0.007710441946983337
-0.00031135656172409654
-0.028720399364829063
-0.012355350889265537
-0.00036694080336019397
0.036205701529979706
0.015571109019219875
0.000414073932915926
0.03059207834303379
0.013157940469682217
0.0003784781147260219
-0.05235760658979416
-0.02250642515718937
-0.0005279487813822925
0.002462550764903426
0.0010865668300539255
0.004429017659276724
-0.055583130568265915
-0.023890597745776176
-0.0005512138013727963
-0.011853364296257496
-0.005192512180656195
-0.00030345708364620805
-0.02281177043914795
-0.009831680916249752
-0.0003337000380270183
0.013861701823771
0.006034954451024532
0.00030196172883734107
0.0158506128937006
0.006878489162772894
0.00030510593205690384
-0.010353065095841885
-0.004570582881569862
-0.00030773860635235906
0.023320555686950684
0.010047336108982563
0.0003363105352036655
-0.050368331372737885
-0.021651914343237877
-0.0005111659411340952
-0.017545001581311226
-0.007597639691084623
-0.0003103713970631361
-0.05032298341393471
-0.02163246087729931
-0.0005108385812491179
0.360454261302948
0.1046929731965065
0.07655751705169678
-0.37789613008499146
-0.135359525680542
-0.21785102784633636
0.27473533153533936
0.2320391982793808
-0.3973734676837921
0.01870190165936947
-0.42183369398117065
-0.09072308242321014
-0.17325091361999512
0.10548850148916245
0.12041550874710083
-0.07996273785829544
0.17710301280021667
-0.38230839371681213
-0.13332054018974304
-0.38201889395713806
-0.00022158349747769535
0.3453083038330078
0.10028501600027084
0.07333707809448242
-0.3620046377182007
-0.1296638697385788
-0.20872008800506592
0.26315945386886597
0.22229412198066711
-0.38064301013946533
0.01790633052587509
-0.40403252840042114
-0.0869065374135971
-0.16596688330173492
0.1010749414563179
0.11536049097776413
-0.07659067213535309
0.1696479171514511
-0.3662444055080414
-0.1277272254228592
-0.36591047048568726
-0.00020916288485750556
0.2620089650154114
0.07601464539766312
0.05561485141515732
-0.2746744751930237
-0.09828575700521469
-0.1582815945148468
0.19965535402297974
0.1685827374458313
-0.28884515166282654
0.01358841173350811
-0.30658090114593506
-0.06589964032173157
-0.12588605284690857
0.07661173492670059
0.08750133961439133
-0.05808137729763985
0.1286599487066269
-0.27773988246917725
-0.09680656343698502
-0.27749741077423096
-0.00013400295574683696
-0.26228979229927063
-0.07614991068840027
-0.055687062442302704
0.2749561071395874
0.09845463931560516
0.15849950909614563
-0.1998824030160904
-0.16882064938545227
0.28912222385406494
-0.013598867692053318
0.3068772554397583
0.06599820405244827
0.12604165077209473
-0.07674437016248703
-0.08762041479349136
0.058152634650468826
-0.1288340985774994
0.2781583368778229
0.09697551280260086
0.27790847420692444
0.00013760244473814964
0.2378285974264145
0.06899998337030411
0.05048184469342232
-0.2493370622396469
-0.08920229226350784
-0.14368194341659546
0.18120987713336945
0.1530178189277649
-0.2621742784976959
0.012331992387771606
-0.27831560373306274
-0.059800997376441956
-0.11424040794372559
0.06954381614923477
0.07941628247499466
-0.05271729454398155
0.11678788810968399
-0.25208422541618347
-0.08787234127521515
-0.2518768608570099
-0.0001131230965256691
-0.0772477239370346
-0.0224282406270504
-0.01640673168003559
0.08098982274532318
0.028998469933867455
0.04668513312935829
-0.058871518820524216
-0.04972269758582115
0.08514732867479324
-0.004005736671388149
0.09038242697715759
0.019437767565250397
0.037124015390872955
-0.022602517157793045
-0.025805586948990822
0.017129620537161827
-0.03794756904244423
0.08192272484302521
0.028563331812620163
0.08184895664453506
-3.847297193715349e-06
-0.09489817917346954
-0.027523793280124664
-0.0201495923101902
0.09947668761014938
0.03558064624667168
0.057330213487148285
-0.07231085002422333
-0.0610547699034214
0.10460758209228516
-0.004917101468890905
0.11103150248527527
0.02383377216756344
0.045583490282297134
-0.027733538299798965
-0.031681619584560394
0.021035371348261833
-0.04655664041638374
0.10049068182706833
0.03504863381385803
0.10041990876197815
-1.3908094842918217e-05
0.30913275480270386
0.08980973809957504
0.06563932448625565
-0.3240359127521515
-0.11611028760671616
-0.1868697851896286
0.23559290170669556
0.199022576212883
-0.34074705839157104
0.016035210341215134
-0.3617551922798157
-0.07783353328704834
-0.1485706865787506
0.09049715846776962
0.1032986119389534
-0.06853515654802322
0.1518714874982834
-0.32797032594680786
-0.11436928808689117
-0.32766053080558777
-0.0001809467503335327
-0.20167075097560883
-0.058587223291397095
-0.042822204530239105
0.2114148586988449
0.07574492692947388
0.12189746648073196
-0.15371817350387573
-0.12984424829483032
0.2223762720823288
-0.010468792170286179
0.23600803315639496
0.050774797797203064
0.09692925959825516
-0.05904676392674446
-0.06739913672208786
0.04471750557422638
-0.09908450394868851
0.2140156626701355
0.07461103051900864
0.21376393735408783
9.114986460190266e-05
0.3014199733734131
0.08746311068534851
0.0639825165271759
-0.31599119305610657
-0.11307086050510406
-0.18210271000862122
0.22968599200248718
0.19395242631435394
-0.33228474855422974
0.015632038936018944
-0.35272783041000366
-0.07581454515457153
-0.14482919871807098
0.088157057762146
0.1006719321012497
-0.06681815534830093
0.1480138748884201
-0.31955891847610474
-0.11138651520013809
-0.3192676603794098
-0.00016689696349203587
-0.19305254518985748
-0.05604253709316254
-0.04098619893193245
0.2023872286081314
0.0724535584449768
0.11664464324712753
-0.14711253345012665
-0.1242275983095169
0.21282093226909637
-0.01001958828419447
0.22588194906711578
0.04857177659869194
0.09275717288255692
-0.05648013576865196
-0.06448978930711746
0.04279845952987671
-0.09481362998485565
0.20473326742649078
0.07136859744787216
0.20454953610897064
8.062338747549802e-05
0.31248170137405396
0.09074859321117401
0.06634731590747833
-0.32755154371261597
-0.11734437197446823
-0.18885968625545502
0.23814746737480164
0.20117171108722687
-0.34447410702705383
0.016201190650463104
-0.3656946122646332
-0.07864637672901154
-0.1501782089471817
0.09145314246416092
0.10440787672996521
-0.06928020715713501
0.15350908041000366
-0.33147868514060974
-0.11557503044605255
-0.3311465084552765
-0.0001825446670409292
0.3084971606731415
0.08960296958684921
0.06551456451416016
-0.32334110140800476
-0.11584988236427307
-0.1864432394504547
0.2350827157497406
0.19859544932842255
-0.34009528160095215
0.01601547934114933
-0.36106473207473755
-0.0776599794626236
-0.14825937151908875
0.0902998074889183
0.10307101160287857
-0.06839582324028015
0.15154242515563965
-0.3272674083709717
-0.11410436034202576
-0.32699596881866455
-0.00017918230150826275
-0.3454611301422119
-0.10031867772340775
-0.0733528807759285
0.36214759945869446
0.12970131635665894
0.2087799608707428
-0.26327577233314514
-0.22237561643123627
0.3807887136936188
-0.017933852970600128
0.4041905403137207
0.08694776147603989
0.1660209596157074
-0.10110083967447281
-0.11541742086410522
0.0765865370631218
-0.169696643948555
0.3664301931858063
0.1277541071176529
0.3660896420478821
0.00020777016470674425
0.34852808713912964
0.10122526437044144
0.07400625199079514
-0.3653649389743805
-0.13088040053844452
-0.21065446734428406
0.26564261317253113
0.22437584400177002
-0.3841829001903534
0.018086060881614685
-0.40780743956565857
-0.08773013204336166
-0.16751670837402344
0.10200951993465424
0.1164497584104538
-0.07727492600679398
0.1712278574705124
-0.3697080612182617
-0.1289089471101761
-0.36939185857772827
-0.00021109588851686567
-0.3446039855480194
-0.10008854418992996
-0.07316817343235016
0.3612762987613678
0.1294066607952118
0.20827580988407135
-0.2626441717147827
-0.22184927761554718
0.37985488772392273
-0.017878009006381035
0.4031945466995239
0.0867491364479065
0.16561748087406158
-0.10087138414382935
-0.11515018343925476
0.07640744745731354
-0.1692962348461151
0.3655543625354767
0.12746529281139374
0.3652176558971405
0.00020867168495897204
0.27914193272590637
0.08102907240390778
0.05926089361310005
-0.29262933135032654
-0.10475905984640121
-0.16867360472679138
0.212721049785614
0.17965839803218842
-0.3077126145362854
0.014472025446593761
-0.3266041874885559
-0.07022979855537415
-0.13414086401462555
0.0816635712981224
0.0932418629527092
-0.06188865751028061
0.1370973140001297
-0.2960019111633301
-0.1031900942325592
-0.29573920369148254
-0.0001499356294516474
0.3417035937309265
0.09922926872968674
0.07255181670188904
-0.3582112789154053
-0.12828397750854492
-0.20651648938655853
0.2604162395000458
0.219955712556839
-0.3766709864139557
0.01772509515285492
-0.3999002277851105
-0.08600196987390518
-0.1642209142446518
0.10000403970479965
0.1141711100935936
-0.0757593959569931
0.16785815358161926
-0.3624574840068817
-0.12636570632457733
-0.3621255159378052
-0.00020415404287632555
0.21733999252319336
0.0631471648812294
0.046156030148267746
-0.22786842286586761
-0.08164316415786743
-0.13138358294963837
0.1656685620546341
0.139945849776268
-0.23957940936088562
0.01128267403692007
-0.25429239869117737
-0.05472647026181221
-0.10446058213710785
0.0636373981833458
0.07262440025806427
-0.048188015818595886
0.1067785918712616
-0.2306041419506073
-0.0804058089852333
-0.23038218915462494
-0.00010437966557219625
0.28438588976860046
0.08254630118608475
0.060375701636075974
-0.2981448173522949
-0.10671939700841904
-0.17183817923069
0.21671828627586365
0.18301516771316528
-0.31350094079971313
0.01476686354726553
-0.332758367061615
-0.0715520828962326
-0.13664519786834717
0.08319812268018723
0.09499940276145935
-0.0630459189414978
0.13966728746891022
-0.3015803396701813
-0.10512537509202957
-0.3013114929199219
-0.00015543686458840966
-0.9108328223228455
-0.8721274733543396
-0.660221517086029
0.6608461141586304
-0.5989550352096558
0.1940431296825409
0.23853474855422974
-0.7797300219535828
0.5073810815811157
-0.7603203058242798
0.48565664887428284
-0.7883260250091553
-0.7780991792678833
0.872428834438324
-0.88032066822052
0.8702347278594971
-0.7036586403846741
-0.8629046082496643
-0.5469701290130615
-0.7169584035873413
0.014115739613771439
0
4
