3
1
2
20
20
0.24082687497138977
0.7639263272285461
0.2875874638557434
1.419025182723999
0.023857099935412407
-0.8035803437232971
-0.32999318838119507
-1.3989639282226562
0.26991942524909973
-0.9541347622871399
-0.4919453263282776
-1.4775108098983765
0.20107761025428772
-0.42147085070610046
-0.5823589563369751
0.9436745047569275
-0.6046869158744812
-0.5377200841903687
-0.25302085280418396
-0.7521796822547913
-0.23489049077033997
-0.6103664636611938
-0.23144249618053436
-0.5338296890258789
0.3163158893585205
0.21033191680908203
-0.2510421872138977
-0.4744666516780853
-1.2132290601730347
0.19661198556423187
0.30835360288619995
1.6352341175079346
0.09050219506025314
0.45064592361450195
0.1034887433052063
0.21815453469753265
1.435067892074585
0.9408392906188965
0.3516720235347748
0.6197397708892822
0.024760041385889053
0.9069339632987976
0.2820355296134949
1.5890549421310425
-0.2854379713535309
-1.1099669933319092
-0.30635613203048706
-1.9156503677368164
0.3061128854751587
0.585461437702179
0.07982194423675537
0.4962919056415558
-0.15119916200637817
-0.9620012640953064
-0.8466553092002869
0.5520609617233276
-0.31468406319618225
1.2536897659301758
-0.014861535280942917
-1.3119025230407715
0.16936805844306946
-0.7822659015655518
-0.6820057034492493
-1.0082502365112305
0.7478068470954895
-0.0724048912525177
0.574980616569519
2.295705795288086
-0.5907967686653137
0.1012057214975357
-1.4708197116851807
-2.5130422115325928
0.10116935521364212
0.8203021287918091
0.3449501097202301
1.5203897953033447
-0.3294193744659424
1.311185598373413
0.2336014062166214
1.8345205783843994
0.11055956780910492
-0.08988697081804276
-0.5085327625274658
-0.09613718837499619
-0.5360867977142334
-0.02183234691619873
0.10007574409246445
-0.3318805396556854
-0.06782259792089462
0.1736735850572586
0.3523293435573578
-0.1636538952589035
-0.12568813562393188
0.09585987776517868
-0.9497469067573547
-0.2543763816356659
0.2389051914215088
-0.41299769282341003
0.5488919615745544
0.7822781801223755
0.031244508922100067
0.18226133286952972
0.15443356335163116
0.3250350058078766
-0.3071762025356293
0.03724595904350281
0.11170054972171783
-0.04794725030660629
0.6831350326538086
0.16536657512187958
-0.06992269307374954
-0.4673159122467041
0.12071415036916733
0.17938242852687836
0.29811418056488037
1.4278522729873657
0.5389156341552734
-0.3562045693397522
0.024605950340628624
-0.3218177556991577
-0.45194438099861145
-0.16154304146766663
0.4240652322769165
-0.6300553679466248
-0.43593981862068176
-0.03494921699166298
-0.2994897961616516
0.0910579115152359
0.16819746792316437
0.15475013852119446
0.1452242136001587
0.2656981647014618
0.3657141625881195
-0.49840331077575684
0.08659908920526505
-0.2971998453140259
-0.3286779820919037
-0.7459999918937683
0.4954570233821869
-0.5539112687110901
0.01942279376089573
0.7589995861053467
0.09277617186307907
-0.35477522015571594
0.3874461054801941
0.40472665429115295
-0.3379933834075928
-0.08185716718435287
-0.2769428491592407
-0.3454012870788574
0.5751753449440002
0.21662329137325287
-0.2026282250881195
-0.202403262257576
0.11023049056529999
-0.2097381353378296
0.43963131308555603
1.354439377784729
0.5351608395576477
-0.045371804386377335
0.15556330978870392
0.03176608309149742
-0.28365036845207214
-0.09860258549451828
-0.081766277551651
0.4024907648563385
0.5683720111846924
-0.5496901869773865
0.14363035559654236
0.03300151601433754
-0.360152930021286
0.42325884103775024
0.055501047521829605
-0.3573113977909088
-0.045400653034448624
0.22136978805065155
0.26817411184310913
-0.2298562079668045
1.4760338068008423
0.5987310409545898
-0.2535982131958008
0.21483297646045685
-0.0849900171160698
-0.8081376552581787
-0.20992128551006317
0.44331708550453186
-0.2617693841457367
-0.4231874346733093
0.2891296446323395
-0.5918513536453247
-0.07972165197134018
0.055572301149368286
-0.3328239917755127
0.39362484216690063
0.5398576855659485
0.615506649017334
-0.5748475790023804
0.13471737504005432
-0.34972864389419556
-0.7209750413894653
-0.3072205185890198
0.3881935775279999
-0.5923360586166382
0.6528143286705017
0.5355631709098816
0.14422495663166046
-0.36313390731811523
0.022754555568099022
0.41102364659309387
-0.1912163645029068
0.34366053342819214
-0.1875106543302536
-0.134173184633255
0.21668945252895355
0.3316684067249298
-0.5970784425735474
-0.33115366101264954
0.16854935884475708
-0.12933407723903656
0.01435491070151329
1.3415688276290894
0.7637075185775757
-0.3715473711490631
0.1407625526189804
0.008242251351475716
-0.4009965658187866
-0.08489968627691269
-0.16210010647773743
0.478523850440979
0.7630259990692139
-0.30846673250198364
0.41384533047676086
-0.08105266094207764
-0.1501857489347458
0.3001040816307068
0.1644677370786667
-0.04288120195269585
-0.3506345748901367
-0.1179514154791832
0.3401879072189331
0.3256600797176361
1.3007161617279053
0.15684407949447632
-0.09804213047027588
0.08433303236961365
-0.49993160367012024
-0.49131375551223755
-0.02414609305560589
-0.3388098478317261
0.40515947341918945
0.44992920756340027
-0.31647706031799316
0.2191956788301468
0.01651700772345066
-0.12978880107402802
0.22547324001789093
-0.15230025351047516
-0.6475623250007629
-0.24406370520591736
0.32151997089385986
0.24421842396259308
0.43112483620643616
0.9021288156509399
0.6708479523658752
-0.5969642400741577
0.011522801592946053
-0.02767108753323555
-0.1462300419807434
-0.07311715185642242
0.17199942469596863
0.13784557580947876
0.38135167956352234
-0.3258954882621765
0.008874385617673397
0.27401819825172424
-0.17617101967334747
0.3679029047489166
0.3517343997955322
-0.2005794197320938
-0.3260815441608429
-0.09877850115299225
0.14978229999542236
0.2129497528076172
1.1844457387924194
0.5301406979560852
-0.38358521461486816
0.19970697164535522
-0.45646679401397705
-0.3376235067844391
-0.011002706363797188
0.44364771246910095
-0.3336546719074249
-0.5344680547714233
0.1375807821750641
-0.18771928548812866
-0.04958917573094368
0.5506935119628906
-0.5219210386276245
-0.0006052711978554726
0.5754556655883789
0.08203050494194031
-0.16250665485858917
-0.06745769828557968
-0.10729281604290009
-1.1119807958602905
-0.1968427151441574
0.3729062080383301
-0.437851220369339
0.1642286628484726
0.5503181219100952
0.19280309975147247
-0.7330521941184998
1.0797908306121826
1.069171667098999
1.2092063426971436
1.2749900817871094
2.1487865447998047
-0.465173602104187
1.2437260150909424
-0.5317361354827881
-0.7481576800346375
-0.883622944355011
1.0626722574234009
-0.9437538385391235
3.056079149246216
-1.8344603776931763
1.8247501850128174
0.6649450063705444
-2.9175162315368652
-0.7889359593391418
-1.3166776895523071
0.6036531329154968
-1.869504451751709
1.6486746072769165
1.9417357444763184
0.37141430377960205
1.841224193572998
1.7362514734268188
-0.7831509113311768
0.5693110823631287
-1.0724352598190308
-2.2053096294403076
-2.014458656311035
2.7899551391601562
-1.5050495862960815
0.9132904410362244
0.34286150336265564
1.6384350061416626
-1.2400898933410645
2.509629487991333
-1.8726475238800049
-2.3070356845855713
-1.5022156238555908
0.285900741815567
-0.2723289430141449
-0.3532426357269287
0.22859983146190643
0.03890252113342285
-0.16713131964206696
0.26368674635887146
-0.4038284420967102
-0.4273416996002197
0.04886361211538315
0.18480119109153748
-0.0623244047164917
-0.23472639918327332
-0.08003275096416473
-0.9393435120582581
-0.34727951884269714
0.45469796657562256
-0.08723504096269608
0.2014988660812378
0.2617819011211395
0.024596882984042168
0.2054203897714615
-0.08104202896356583
-0.31181252002716064
0.5164129734039307
-0.40432924032211304
-0.030500998720526695
0.46397826075553894
-0.33966976404190063
-0.07827115803956985
0.2920824885368347
0.40036123991012573
-0.169489324092865
-0.34715238213539124
-0.1852322518825531
-1.1741130352020264
-0.5092686414718628
0.1753876507282257
-0.29105356335639954
0.2581392824649811
0.4342043101787567
0.03723154217004776
-0.3364846110343933
0.543753981590271
0.6179483532905579
-0.025615843012928963
0.2772291898727417
0.059341948479413986
-0.3366853892803192
0.3125149607658386
-0.2676992118358612
-0.29570749402046204
-0.024290435016155243
0.19304877519607544
-0.34682697057724
0.1807171255350113
0.5986922383308411
0.3539466857910156
-0.26989123225212097
0.4796755313873291
-0.5905176401138306
-0.9372579455375671
-0.023179495707154274
1.7028812170028687
-1.4227936267852783
-1.6670207977294922
-0.3382866084575653
-1.530368685722351
-1.394586443901062
0.6087161898612976
-0.5525455474853516
0.851020872592926
1.9598363637924194
1.6356953382492065
-2.4075732231140137
1.2802597284317017
-0.7857140302658081
-0.0723368376493454
-1.4093128442764282
0.982679009437561
-1.754737138748169
1.6093250513076782
2.1315653324127197
1.3852216005325317
0.1116890236735344
0.44057929515838623
0.2375486195087433
-0.5637934803962708
-0.04028783366084099
0.19088737666606903
-0.270022988319397
0.2990213930606842
0.20737826824188232
-0.18069206178188324
-0.24621230363845825
0.25629615783691406
-0.10285477340221405
0.37890827655792236
1.191179633140564
0.6856520771980286
-0.2599785625934601
0.01262389961630106
-0.05242248252034187
-0.3487737476825714
-0.07739583402872086
-0.10001952201128006
0.22543321549892426
0.3500993847846985
-0.33317360281944275
0.42542189359664917
0.13972510397434235
-0.44683903455734253
0.5917894840240479
-0.0200961921364069
-0.9117008447647095
-0.3144000768661499
0.25179752707481384
0.02753417193889618
-0.06951062381267548
1.7000774145126343
0.4657882750034332
-0.3214900493621826
0.4886729121208191
-0.539631187915802
-0.6645985245704651
-0.29444339871406555
0.038103166967630386
0.2818784713745117
0.6796529293060303
-0.4684211313724518
0.11995164304971695
0.1288042515516281
-0.028935056179761887
0.29672887921333313
0.18412695825099945
-0.5029894709587097
0.041710685938596725
-0.05958932638168335
0.05191948264837265
0.027025721967220306
1.1363147497177124
0.32143911719322205
-0.16870629787445068
0.08280979841947556
0.010803906247019768
-0.868648886680603
-0.0917600467801094
-0.6087129712104797
0.5428125858306885
-0.5181781649589539
0.5830860733985901
0.5413122177124023
-0.6888346076011658
0.5396718382835388
0.6717717051506042
0.5691296458244324
0.6565442681312561
-0.6078747510910034
1.4388948678970337
1.3880577087402344
-0.32009002566337585
-0.6283690929412842
0.5741501450538635
-1.0244166851043701
0.5654709339141846
0.5511510968208313
0.5189052820205688
0.014809825457632542
0.5
20
