2
1
2
20
20
1.385461404313779e-34
-5.857086067626398e-36
-0.5103415846824646
0.0005567218759097159
-0.016186941415071487
0.9000959396362305
-0.004893162753432989
-0.0037128122057765722
0.7843652963638306
-0.02250134013593197
0.025909055024385452
0.9728603959083557
-0.015219642780721188
0.014205316081643105
0.8665705919265747
-0.0061378260143101215
-0.004461855627596378
0.9514724612236023
-0.009813450276851654
0.0051278709433972836
0.8134668469429016
-0.01637500710785389
0.017286254093050957
0.839413046836853
1.0440646409988403
0.46496960520744324
0.3755905330181122
-0.009121238254010677
0.003713795216754079
0.8177937865257263
0.057449694722890854
-0.12088079750537872
0.6537655591964722
-0.00778568908572197
0.0013437479501590133
0.8064728379249573
-0.0055272746831178665
-0.0030005613807588816
0.8095445036888123
0.0006001133588142693
-0.015881450846791267
0.8774963021278381
-0.007287867832928896
0.0004444554215297103
0.8042140603065491
-0.007439885288476944
0.0009276471682824194
0.7942333221435547
0.014139004051685333
-0.03918137773871422
0.7358694672584534
-0.011399682611227036
0.006482043769210577
0.8950479626655579
0.08222197741270065
-0.16620005667209625
0.3920033276081085
-0.007303945254534483
-0.002516819629818201
0.9638093113899231
4.458709765741439e-35
6.614531966838455e-35
-1.042086303086016e-34
-8.740043862428526e-35
-8.537670571319969e-35
5.38598080605459e-35
1.2181450511254626e-34
1.1550999830130016e-34
6.098969787294897e-35
1.9081985763777913e-34
1.254108405392783e-35
1.8366891453788185e-34
4.07866463610342e-35
1.948446630512733e-34
-6.117905118658972e-35
-9.272368315908322e-35
-1.072684283284676e-34
6.485573119302298e-35
-1.8171260036041326e-34
3.6940770932366866e-35
-0.021338526159524918
2.003366093925135e-34
-2.207024508008053e-35
-2.483797752357156e-35
2.396859814510678e-36
-6.144881221683531e-35
-1.6169576253611435e-35
1.9458040641107867e-34
-1.4065734665255395e-34
1.8183013831605847e-34
-1.0012897614502708e-34
5.902013642515959e-35
-2.0431382106012377e-34
9.919684585902347e-35
-1.8443717586042854e-34
3.5188595583420473e-35
1.8632432069013463e-35
-4.843375368779907e-36
-4.7222437753756657e-35
1.52375188620329e-34
4.4172641193394123e-35
-0.021334420889616013
-1.1386497345242573e-35
8.809495030369858e-35
-3.328615153402631e-35
1.0629000147296334e-34
-8.400422996283702e-35
-3.428981593181849e-35
3.9401505921779496e-35
1.8298228349198259e-34
-3.3213558444172674e-35
1.9121065211224244e-34
1.9976833134228783e-34
-9.763099325234462e-35
3.247511208942552e-35
-1.187788483487328e-34
1.7163595054447767e-34
2.003290559229545e-34
1.6069037622276922e-34
-7.26403966135955e-35
-3.2597789962996323e-35
-1.0119059448061346e-34
-0.021353829652071
-1.661967292574692e-34
6.702672232219789e-35
-1.9930571003039195e-34
-1.1823703040083767e-34
-2.915309215957666e-35
1.8423621683596082e-34
1.8782621561345795e-34
4.286313302494403e-35
1.2758998206873723e-34
5.238248487216336e-35
-1.337602655626299e-35
-6.600301482736924e-35
-1.752059263139531e-35
-5.842802706368094e-35
2.2576034814889177e-37
-2.586969192572149e-35
-1.3516073965988375e-34
-1.988265353703136e-34
-2.6283359178446654e-35
2.87503533308943e-35
-0.021353546530008316
1.987440441358897e-34
-6.981219623560294e-37
-1.936202203809988e-35
-1.3532674379862633e-34
-1.1917147953311927e-34
2.58436565625607e-35
-1.1410912816346914e-34
-1.7278672105781868e-35
-4.406234389264912e-35
1.573604440909545e-34
-8.684698626697062e-35
-1.757489180342835e-35
3.0171367010835723e-35
-1.6399526022300685e-34
-6.27919465261755e-35
-6.700882014016559e-35
-1.696354434043423e-35
1.590842652304621e-34
-1.4129988518086036e-34
3.319772830052244e-35
-0.021338870748877525
-1.6964135244454822e-34
1.0600063930400653e-34
-3.4490037402457693e-35
1.9419788000112884e-35
1.1654631595769501e-34
-4.400904773642568e-35
-2.0570503699142118e-34
1.7775942663392233e-34
-8.190692533989188e-35
6.943612413911746e-35
1.3044686955984214e-36
8.575291556292941e-35
2.9460755421002207e-36
2.0795466226418137e-34
1.0623126119373328e-34
1.833425082256623e-34
1.8843620993781337e-34
-2.0162457926725527e-34
-9.218891932523673e-35
2.7726100562807206e-35
-0.021353837102651596
1.725015697232582e-21
0.03142227604985237
0.04317493364214897
0.10398517549037933
0.07767438888549805
0.05372794345021248
0.059019748121500015
0.07934768497943878
-1.7622159719467163
0.05715678259730339
-0.14800353348255157
0.05278652161359787
0.046148091554641724
0.030468370765447617
0.05119297653436661
0.05123446136713028
-0.015521178022027016
0.06736183911561966
-0.22622467577457428
0.057812463492155075
0.6487235426902771
-3.658035104825781e-35
9.898671476437697e-35
9.553325958544087e-36
2.7446306504606356e-35
1.4929711533672757e-34
7.400095670833167e-35
-1.6830113965192956e-34
6.409129252300386e-35
-5.89571372747952e-35
-7.245560637617009e-35
8.06159995101175e-35
-5.597781010843765e-35
-2.4923967116427244e-36
1.6315266954575728e-34
9.68599309471651e-35
-1.909948042579601e-34
-6.898584896173632e-35
-1.4674876067440245e-34
-2.0646874097747103e-34
1.2242362699968817e-34
-0.021353809162974358
3.4115754665720033e-10
0.08558914065361023
0.06603115797042847
0.06270252913236618
0.06096687540411949
0.08159773051738739
0.06161841005086899
0.05338510498404503
-1.8398590087890625
0.06321771442890167
0.1523977518081665
0.0643215999007225
0.06791467219591141
0.08358841389417648
0.0647645965218544
0.06345511227846146
0.09053380787372589
0.06907883286476135
0.1828063726425171
0.08151698112487793
0.3229061961174011
1.7270760190801931e-34
6.952100309644148e-35
1.961928081348726e-34
-1.4634169983768216e-34
-6.520409192854279e-36
1.5259458362065044e-34
-1.8015536881093624e-34
6.574850996892289e-35
1.928737585093526e-34
1.7354426345604818e-35
1.1288654516199185e-34
1.2899093256262738e-34
5.435188417290483e-36
-1.7809658917862938e-34
1.0293854539673659e-34
1.658818023822694e-34
4.1593665132818825e-35
1.9169165200280694e-34
-2.0457642466138754e-34
5.833632932076718e-35
-0.021353837102651596
6.62986849469684e-35
-1.0193585101137258e-34
1.0270985205242915e-34
-1.2677627365502935e-34
-9.312190482929831e-35
-4.6034379159116255e-36
2.0620260170960517e-34
-1.3620489777176309e-34
-1.012308413868047e-34
3.012211448630249e-35
-1.924069931206926e-34
6.850825272424818e-35
2.3574671219266703e-35
-3.81923796903486e-35
1.9929785809547044e-34
-2.8796253859817767e-36
-2.5001835007591456e-35
1.1472434563166855e-36
9.181151561405696e-35
-7.487422618101652e-35
-0.0213310606777668
4.410656374077651e-22
0.032592929899692535
0.04378562420606613
0.10356234759092331
0.07765805721282959
0.054496802389621735
0.059318047016859055
0.07919000089168549
-1.8316320180892944
0.05751214176416397
-0.14329029619693756
0.05322515219449997
0.046753186732530594
0.03161339461803436
0.051663585007190704
0.051679741591215134
-0.013640321791172028
0.06766589730978012
-0.21998898684978485
0.0585167296230793
0.691524088382721
4.053034574624803e-10
0.11305282264947891
0.056305766105651855
-0.0510001964867115
-0.010457691736519337
0.06939274072647095
0.022488558664917946
-0.025327792391180992
-1.525850772857666
0.02846088632941246
0.5190554857254028
0.03741931542754173
0.055028121918439865
0.11058485507965088
0.04086986929178238
0.03833988308906555
0.19586363434791565
0.02231246791779995
0.6922791600227356
0.06245286390185356
0.31829196214675903
-4.4062636618293124e-35
-4.4784498056405994e-35
-1.1903261278349137e-34
-1.8117514459858564e-34
-1.8588650070191992e-34
2.0829231842468026e-34
-1.9530175127452565e-34
-1.112359513512332e-34
-1.6367136790749463e-34
-1.80372617156535e-34
-1.116057341511615e-35
2.0740492924446112e-35
1.2602883603123647e-34
1.444353326906865e-34
1.0209156957454547e-34
2.061365260701195e-34
-6.374171496715996e-35
-1.0994777484662507e-34
-8.272679247156085e-36
1.923347989412754e-34
-0.02133825421333313
2.857169632821465e-22
0.0388493686914444
0.04391619563102722
0.08795691281557083
0.06831242144107819
0.05459677428007126
0.05484534054994583
0.06846876442432404
-1.8571969270706177
0.05374792218208313
-0.08259299397468567
0.05068691819906235
0.04644310474395752
0.0377633199095726
0.04959520325064659
0.049391552805900574
0.004819080233573914
0.0622425302863121
-0.13494326174259186
0.05757302790880203
0.7047713994979858
-1.7082668467289644e-34
-1.2073682704456925e-34
-1.8447983344839393e-34
9.920693054444532e-36
1.903117748854258e-35
7.831470529133142e-35
-8.601441139852078e-35
1.2489007587887738e-35
1.1148456151876991e-34
-1.7017286185799962e-34
1.8849496169648044e-34
4.90424737946453e-35
1.2746018407435493e-34
4.2866350137168816e-35
-3.451597232054456e-35
-1.184447235500471e-35
-9.690397754700988e-35
3.6604251236132927e-35
-8.269636622374001e-35
-1.25759436603257e-34
-0.02131108194589615
3.2771617536031264e-21
0.03205905482172966
0.043649882078170776
0.10438051074743271
0.07808742672204971
0.05432339385151863
0.0594538189470768
0.07970800995826721
-1.768043875694275
0.05760403349995613
-0.1468619704246521
0.0532442182302475
0.04663699120283127
0.031089071184396744
0.05165495350956917
0.05168617516756058
-0.014844262041151524
0.06784680485725403
-0.2249480038881302
0.05840466916561127
0.6455305814743042
3.7984125483654824e-35
4.0183884082001227e-35
-1.202248211946144e-34
1.8516465074324407e-34
1.840949508839958e-34
6.551977644658589e-36
3.7305581701135976e-35
-2.473343716049196e-35
-6.393663006803678e-35
-7.817312939456686e-35
2.0429928809285676e-34
-8.18005683559039e-35
4.0385233407327623e-35
1.658980802239634e-34
-2.026303731006146e-35
1.5496164353412266e-34
-1.9730865533094028e-34
-1.6530823231157765e-34
9.263363989002994e-36
-1.977034991768123e-35
-0.02133684977889061
1.3003996317262345e-11
0.07171078026294708
0.06291218847036362
0.08432772010564804
0.07303328812122345
0.07788253575563431
0.06624364107847214
0.06878527998924255
-1.8202733993530273
0.0665883794426918
0.04314936324954033
0.0655866488814354
0.06540089845657349
0.06992794573307037
0.06525633484125137
0.06437573581933975
0.05580483749508858
0.0745815560221672
0.028479434549808502
0.07943595200777054
0.36668702960014343
9.483392472528007e-22
0.044470593333244324
0.04422201216220856
0.07470186054706573
0.06041353940963745
0.054877158254384995
0.05114912614226341
0.05934584140777588
-1.8404927253723145
0.050668489187955856
-0.02928449586033821
0.04867289960384369
0.046365901827812195
0.04329346492886543
0.047989338636398315
0.047593433409929276
0.021113945171236992
0.05774255841970444
-0.060257356613874435
0.056952256709337234
0.6853731274604797
2.0616747463232474e-35
-1.4887743752252535e-36
-6.502573017584844e-36
1.059302933139495e-35
-1.5584085505039486e-36
2.3267844521813972e-35
0.7287284731864929
1.3663276508808168e-35
0.760090172290802
-6.482785338022052e-36
1.6219421404080813e-35
0.7560481429100037
0.719285786151886
2.6663317064363323e-35
0.7605879306793213
-9.75789311356008e-36
0.7309765219688416
0.0
0.7465075850486755
0.7509869933128357
0.005174106452614069
4
1
