8
3
3
20
20
20
-0.007731547113507986
-0.004513470456004143
0.005685325246304274
-0.002065836451947689
0.015683451667428017
-0.04540954902768135
0.011125280521810055
0.030067162588238716
0.5338661670684814
-9.128596866503358e-05
-0.00026051836903207004
0.0005120410933159292
0.0005451824981719255
-7.294781971722841e-05
-0.0015381686389446259
-0.028307359665632248
-0.12497276812791824
0.23473665118217468
3.647553239716217e-05
-1.8630738850333728e-05
-9.710829181130975e-05
0.013763799332082272
-0.014641424641013145
-0.00047644152073189616
1.4509008906316012e-05
0.18689996004104614
-0.047098442912101746
0.00010954108438454568
5.985582174616866e-05
0.0030580908060073853
0.013044695369899273
0.0771452784538269
0.00025479303440079093
-6.576922896783799e-05
-0.14249758422374725
0.6304261684417725
3.737704537343234e-05
2.7707232220564038e-05
0.0014070027973502874
-0.008824056945741177
0.014547382481396198
0.0003753991040866822
0.0001636995584703982
0.19434331357479095
-0.04758729785680771
0.00021303984976839274
0.00011652070679701865
-0.0007690561469644308
8.794793393462896e-05
-0.00018455613462720066
-0.0016445473302155733
-0.028887486085295677
0.13372579216957092
-0.2516287565231323
0.00015695737965870649
7.181718683568761e-05
-0.0007123253308236599
0.0018552379915490746
-0.00010508976993151009
-0.02365456148982048
0.0003404894086997956
-0.18366748094558716
0.45508673787117004
-0.01689879596233368
-0.008799874223768711
0.02992093376815319
0.0057014781050384045
0.0014682095497846603
0.0637284517288208
0.006695935036987066
-0.012651626951992512
0.8152453303337097
-0.02592589147388935
-0.012803525663912296
0.035338833928108215
-0.3676961362361908
-0.007028690539300442
-0.0038267383351922035
0.012345045804977417
-0.003295463277027011
1.0230077505111694
0.0005364602548070252
0.0003335760848131031
0.016485797241330147
0.0033087539486587048
8.500399417243898e-05
-0.040863096714019775
-0.0007203561835922301
-0.03986598551273346
0.15321283042430878
-2.364838642408902e-36
-8.98152766720985e-37
9.84648710368962e-37
-2.3134796411825455e-37
-4.755069799505489e-38
1.49356659176549e-36
2.756459636337636e-36
-2.7127705133363024e-36
-0.6491430997848511
-0.012547238729894161
-0.0063681816682219505
0.012299096211791039
0.02592274732887745
-0.07488622516393661
0.005532142240554094
0.010344943031668663
0.026070861145853996
0.9175419211387634
0.0003032144159078598
0.00025022003683261573
-0.0065849339589476585
0.0013327370397746563
-0.0001568868465255946
0.018544256687164307
-0.0003177990729454905
-0.05676009878516197
0.14554931223392487
-0.02038322389125824
-0.010266916826367378
-0.3494952321052551
-0.018497148528695107
-8.734682342037559e-05
0.010067631490528584
0.005033030640333891
-0.006137394811958075
1.484818935394287
0.00016279620467685163
3.2197407563216984e-05
-0.011488600634038448
0.0037022395990788937
9.315880743088201e-05
-0.016011299565434456
-1.7927352018887177e-05
0.22868134081363678
-0.05599736049771309
-0.054645948112010956
-0.027033675462007523
-0.009549192152917385
0.15739783644676208
0.01710217259824276
-0.006668488495051861
0.027628306299448013
0.0436878502368927
1.1598848104476929
0.02755284123122692
0.013815436512231827
-0.24067366123199463
-0.038610585033893585
-0.002616378478705883
-0.0012322468683123589
-0.006296988110989332
0.04008571803569794
0.6282317042350769
2.5337878469144925e-05
-2.6519857783569023e-05
0.0018020073184743524
0.004631515126675367
0.07475928962230682
0.00015434224042110145
-0.0003079086891375482
0.15806260704994202
-0.710114598274231
-3.1762065191287547e-06
-3.2471918530063704e-05
4.016554157715291e-05
0.0024340329691767693
-0.018950089812278748
-5.1587532652774826e-05
0.00029148891917429864
-0.14121487736701965
0.31523391604423523
-4.605884896591306e-06
-1.4747203749720939e-05
0.0003309315361548215
-0.005202119704335928
0.019123250618577003
-1.2035907275276259e-05
0.00015526337665505707
-0.1450015753507614
0.32522016763687134
-0.001011983840726316
0.01396484486758709
-0.004213436972349882
-0.007811261806637049
-0.0009636218892410398
-0.013769827783107758
0.04977153614163399
-0.007445193361490965
-0.0004403151979204267
-0.010033714585006237
8.626803377524623e-36
-0.0024169806856662035
0.014129332266747952
0.1184099093079567
0.04646605998277664
0.0015651469584554434
0.0810278132557869
0.004351435229182243
-0.010718685574829578
-0.0015978853916749358
0.27087828516960144
3.79680191160513e-36
-1.309350039205144e-35
1.4656328167075586e-35
1.1376361719818949e-35
-1.3356672225447694e-35
-4.0580950633866204e-36
2.648386117782803e-36
1.4616184575817524e-35
1.344491178795925e-35
1.1859157424812224e-35
-1.469684430193818e-36
1.1396959417156447e-35
-1.38123052506916e-37
-1.6959192198874119e-35
-1.8993821965550689e-35
1.2295279173812828e-35
1.5217933794533506e-35
-1.3165683092031622e-35
-1.7204451088265868e-36
1.4554010509988936e-35
-0.10957736521959305
0.041846178472042084
0.22375956177711487
0.05548727884888649
0.05302196741104126
-0.010621747933328152
-0.24047452211380005
-0.15925061702728271
0.0909961611032486
-0.03078402206301689
0.043438494205474854
2.3695297860935038e-36
0.07053616642951965
-0.06144779548048973
-0.3742521107196808
-0.1271733045578003
0.19320091605186462
-0.3471333384513855
-0.03184264898300171
0.05245013162493706
-0.04569733142852783
2.096158504486084
0.004754872992634773
0.04825587943196297
-0.05222608149051666
-0.04471852257847786
0.0347294844686985
-0.04694921895861626
0.1373809278011322
-0.017394620925188065
0.13430072367191315
-0.029804743826389313
7.584405206833373e-36
-0.00722194230183959
0.040591977536678314
0.34344393014907837
0.12316561490297318
-0.02664205990731716
0.23644185066223145
0.02442050911486149
-0.07130284607410431
0.04320425167679787
0.7943270206451416
-0.001130665186792612
0.0339016392827034
0.04146997258067131
0.019287854433059692
-0.035513218492269516
-0.03465237095952034
0.05098985508084297
-0.0008133012452162802
-0.1269780695438385
-0.0064237602055072784
-9.430907807235857e-36
0.010081342421472073
0.011559716425836086
0.11071048676967621
0.05674922093749046
0.06339345127344131
0.06438367813825607
-0.008545538410544395
0.030691972002387047
-0.05134231969714165
0.3603053689002991
0.004055410623550415
-0.005568237975239754
0.1510339379310608
-0.05771661549806595
0.18253503739833832
0.023896630853414536
-0.3168144226074219
0.049135658890008926
0.007382526062428951
-0.10080216825008392
-1.2590755039813672e-36
-0.043319571763277054
-0.02917093224823475
-0.05053803324699402
0.13166853785514832
0.02956552244722843
0.03793949633836746
0.025992395356297493
-0.09128634631633759
-0.09292587637901306
0.22237521409988403
-0.0010780220618471503
0.013889612630009651
-0.03115260787308216
-0.04038211330771446
0.021005844697356224
-0.008901016786694527
0.1674821823835373
-0.03275025635957718
0.06699112057685852
-0.03847790136933327
-6.03427368915307e-36
-0.013787358067929745
0.05062032863497734
0.4097992479801178
0.15877458453178406
-0.020153529942035675
0.2930241823196411
0.02491934597492218
-0.05588819831609726
0.021968182176351547
0.32408156991004944
0.013427858240902424
0.09198041260242462
0.10264496505260468
0.042534876614809036
-0.054100822657346725
-0.09207259118556976
0.0692184567451477
0.011409072205424309
-0.23730003833770752
-0.011883973143994808
-1.4778995996138995e-35
0.0313122421503067
0.011965962126851082
0.1657276451587677
0.10428812354803085
0.17627912759780884
0.0702737346291542
-0.015040847472846508
0.0693097785115242
-0.10578050464391708
0.6110801100730896
0.007893627509474754
0.04296553507447243
0.015012931078672409
-0.013387389481067657
0.003859566990286112
-0.03953368216753006
0.11826475709676743
-0.01346499938517809
-0.018761418759822845
-0.028454286977648735
-1.8373940976062013e-35
0.0018528401851654053
0.032762911170721054
0.29595887660980225
0.13008880615234375
0.05064191669225693
0.19085322320461273
0.012701627798378468
-0.014226955361664295
-0.016867872327566147
0.38768139481544495
0.04090656712651253
0.17105957865715027
-0.2411719709634781
-0.13198602199554443
0.20224586129188538
-0.18261736631393433
-0.037768762558698654
0.038545962423086166
0.7541642785072327
-0.0011514531215652823
8.68644694495517e-36
-0.00951953511685133
-0.010291088372468948
-0.016832618042826653
-0.07076937705278397
-0.1455688178539276
-0.04067319631576538
0.058390457183122635
-0.23679128289222717
0.26103678345680237
1.9800013303756714
0.004156588111072779
0.04032079875469208
-0.026368582621216774
-0.0036655624862760305
0.011943010613322258
-0.046015724539756775
-0.04402454197406769
0.01681530848145485
0.07370070368051529
0.012902214191854
6.519038117595233e-36
0.005751722492277622
-0.014448348432779312
-0.11076571047306061
-0.053822148591279984
-0.009572302922606468
-0.08384260535240173
-0.0030593725387007
-0.015684988349676132
0.023825019598007202
0.6270289421081543
-0.029693173244595528
-0.014409017749130726
0.14475758373737335
-0.16669481992721558
0.06826024502515793
0.032497357577085495
-0.02791166678071022
-0.0017759930342435837
0.01908699795603752
0.024040674790740013
-1.061299709462599e-35
0.2072906345129013
-0.030462022870779037
-0.011855415999889374
0.12536339461803436
-0.03283471241593361
0.027510594576597214
0.4676096439361572
-0.047671765089035034
-7.853326803246893e-36
-0.41283923387527466
-0.001658100401982665
0.013046950101852417
-0.06090950965881348
-0.05438300594687462
0.037820056080818176
-0.00897908117622137
0.16344526410102844
-0.033737070858478546
0.1408645212650299
-0.03757545351982117
-1.0499211479956611e-35
-0.01858912594616413
0.05055700242519379
0.40336939692497253
0.1455632597208023
-0.05341879650950432
0.2937522530555725
0.030249211937189102
-0.08057286590337753
0.05116981640458107
0.40590161085128784
0.15870659053325653
0.014527115039527416
0.25573959946632385
-0.04621658846735954
0.2766326665878296
0.07224506884813309
-0.018549811094999313
-0.16797161102294922
0.030325977131724358
0.0856732651591301
7.315846647615602e-36
0.01041741669178009
-0.09664203226566315
-0.06433038413524628
0.36113518476486206
0.07295142859220505
0.06335228681564331
-0.008573250845074654
-0.0028595998883247375
0.013612916693091393
-0.4655935764312744
0.010370326228439808
0.02235337160527706
-0.07852496951818466
-0.3511774241924286
-0.3241100609302521
-0.03781093284487724
0.024465519934892654
-0.06308215856552124
-0.013368119485676289
-0.02012711390852928
-1.1795693357248542e-35
-0.08520586043596268
0.038055021315813065
0.03654846176505089
-0.25027960538864136
-0.002475577872246504
-0.062383681535720825
-0.010918432846665382
0.14939150214195251
-0.003426326671615243
0.6687067151069641
-0.0029864967800676823
0.004180381540209055
-0.05097586289048195
-0.03397493064403534
0.02596365287899971
-0.003786760615184903
0.07055661827325821
-0.015259621664881706
0.11270266026258469
-0.015224864706397057
6.110219492081288e-36
-0.013232581317424774
0.022683074697852135
0.16933061182498932
0.052301086485385895
-0.057150304317474365
0.13018177449703217
0.016063818708062172
-0.05337826535105705
0.04321850836277008
0.3785453140735626
0.0357399545609951
0.15576796233654022
0.2181701809167862
0.08012533187866211
-0.08243101090192795
-0.1504295915365219
0.1022408977150917
0.019127897918224335
-0.4448965787887573
-0.027874955907464027
-8.005477413901086e-36
0.06460484117269516
0.0148604866117239
0.287254273891449
0.19683092832565308
0.3814377784729004
0.09548413753509521
-0.021785477176308632
0.14162111282348633
-0.2027158886194229
0.44300639629364014
0.0030583208426833153
0.027001574635505676
-0.026567302644252777
-0.012964867986738682
0.01601647213101387
-0.029605550691485405
0.0019752378575503826
0.004334198776632547
0.07289730757474899
0.00038073048926889896
1.1606299148113401e-35
-0.0005275486619211733
6.276143540162593e-05
0.00621763663366437
-0.005571521818637848
-0.016058342531323433
0.0009072666871361434
0.004285601433366537
-0.0244626272469759
0.02425515651702881
0.47305384278297424
0.003766701091080904
-0.0013474096776917577
-0.11422701925039291
-0.06976577639579773
0.08332370966672897
0.0014954155776649714
0.03684592247009277
-0.012452772818505764
0.31607601046562195
-0.014465795829892159
8.053974447985457e-36
-0.025903260335326195
0.015792205929756165
0.10666322708129883
0.011682838201522827
-0.12594309449195862
0.09300051629543304
0.03291380777955055
-0.11131571978330612
0.1180940791964531
0.44694915413856506
0.0053940811194479465
0.04857563227415085
0.03348991274833679
0.005749597679823637
-0.017689306288957596
-0.04764736071228981
0.08360294252634048
-0.004069128073751926
-0.08201375603675842
-0.01687029004096985
8.320943463908399e-37
0.008825145661830902
0.02112537994980812
0.2017044872045517
0.09474847465753555
0.06837935000658035
0.12205255031585693
0.0008450790192000568
0.01183820329606533
-0.039035990834236145
0.46130064129829407
0.046013571321964264
4.502900719506739e-35
0.15344998240470886
0.09959440678358078
0.09995152801275253
-0.8743091225624084
0.052730027586221695
0.07357679307460785
0.012070628814399242
-0.0017455422785133123
0.07429713010787964
-0.6015350818634033
0.06441418081521988
-1.432132601737976
-0.11616070568561554
0.05996758118271828
-0.0971124991774559
0.042792316526174545
-0.03805244714021683
0.06269612908363342
0.5462228655815125
0.2728838324546814
5.374204625587881e-35
-0.931694746017456
0.6724119186401367
0.3734765648841858
-0.574965238571167
0.8896360397338867
0.5944159030914307
0.7345123887062073
-1.0287169218063354
-0.3418930172920227
-0.46449753642082214
0.7686153054237366
-0.5110796093940735
0.20966152846813202
0.2939823567867279
0.9808268547058105
-0.0633554756641388
-0.008192603476345539
0.5568715333938599
-0.5427750945091248
0.1036730483174324
5.829229420035943e-35
0.4233725666999817
0.25039082765579224
0.2230430543422699
-0.10814481973648071
0.23083271086215973
0.48643752932548523
0.29177477955818176
0.033102210611104965
0.008630519732832909
-0.23147305846214294
0.19337888062000275
-0.08816123008728027
0.18733230233192444
0.04389100521802902
0.8621498942375183
0.0374937504529953
-0.12319517135620117
0.2920099198818207
1.38151216506958
0.18578855693340302
5.661573964278063e-35
-0.9007719159126282
0.4790669083595276
0.1734069138765335
-0.44780269265174866
0.6815649271011353
0.21938399970531464
0.4393531084060669
-0.33148929476737976
-0.25580140948295593
-0.08084659278392792
0.6614091992378235
-0.37832093238830566
-0.1179838702082634
0.2581077218055725
0.39086833596229553
-0.037835314869880676
0.1026955172419548
0.2948503792285919
-0.6080516576766968
0.02572806179523468
-5.928655693923243e-35
-0.40072089433670044
0.21950529515743256
-0.13905799388885498
-0.08385331928730011
0.19035474956035614
-0.321971595287323
0.024957621470093727
0.5946109294891357
0.011808715760707855
0.4761364459991455
0.260690301656723
-0.06476852297782898
-0.525185763835907
0.1841968148946762
-0.6459280848503113
0.05967292934656143
0.39404383301734924
-0.08095718175172806
-0.08481724560260773
0.09344840049743652
-3.9144211560137354e-35
0.2538699209690094
0.359129935503006
0.02217460423707962
-0.09222367405891418
0.2838469445705414
0.04398487135767937
0.23650367558002472
1.0144190788269043
0.09515982121229172
0.35612282156944275
0.3256933391094208
-0.06429509073495865
-0.4040391743183136
0.19037558138370514
0.04138069599866867
0.12522001564502716
0.3289102017879486
0.14194588363170624
0.6085737943649292
0.022530026733875275
6.14524684175261e-35
-0.09578698873519897
0.2839047312736511
-0.18148447573184967
-0.01555363368242979
0.14278672635555267
-0.37446630001068115
-0.00026814633747562766
1.2219771146774292
0.1279275268316269
0.6910810470581055
0.29120293259620667
-0.000708860345184803
-0.713012158870697
0.2138320505619049
-0.7536048293113708
0.1322300136089325
0.5367642045021057
-0.09821175038814545
0.8251373171806335
0.02644605189561844
-5.926949275610257e-35
0.07054014503955841
0.2985762655735016
-0.10826777666807175
-0.018379991874098778
0.1491737961769104
-0.20211906731128693
0.016636162996292114
1.0391783714294434
0.11377517133951187
0.5245494842529297
0.24163678288459778
-0.003074856009334326
-0.5430428385734558
0.18073633313179016
-0.4823872447013855
0.11621520668268204
0.41549330949783325
-0.041020624339580536
0.5316942930221558
0.10422337800264359
6.021031297593013e-35
-0.6741138696670532
0.3645801544189453
-0.05907821282744408
-0.24563075602054596
0.4491458237171173
-0.2065722495317459
0.22217023372650146
0.6141843199729919
-0.06315457820892334
0.4458233118057251
0.5075756907463074
-0.19997520744800568
-0.5657681822776794
0.2938233017921448
-0.37097805738449097
0.05643799528479576
0.44436129927635193
0.047448862344026566
0.09941057860851288
0.06667982041835785
5.761958197184661e-35
-0.002600028645247221
0.31395041942596436
-0.01274720299988985
-0.09663234651088715
0.2609085738658905
-0.028398290276527405
0.1542724072933197
0.7349652647972107
0.04595117270946503
0.32413148880004883
0.301994651556015
-0.0720343217253685
-0.373768150806427
0.16792075335979462
-0.13074971735477448
0.08334822952747345
0.294569730758667
0.06031595915555954
0.5240004658699036
0.15041616559028625
5.876914427444129e-35
-0.6345826387405396
0.4476996064186096
0.10630238056182861
-0.3301997780799866
0.5301920175552368
0.1263890564441681
0.3461201786994934
0.12072884291410446
-0.14712972939014435
0.08626297861337662
0.5637751817703247
-0.27655118703842163
-0.23640574514865875
0.24230878055095673
0.23024290800094604
0.010394452139735222
0.18254829943180084
0.20573601126670837
-0.13654455542564392
-0.017993247136473656
4.6625880110432856e-35
0.20319697260856628
0.05959378555417061
-0.12097678333520889
0.06895618885755539
-0.021926337853074074
-0.20660237967967987
-0.04890289530158043
0.7569291591644287
0.12006815522909164
0.3871149718761444
0.02899620309472084
0.06891097873449326
-0.3632943332195282
0.07770422101020813
-0.43913981318473816
0.08211501687765121
0.27664074301719666
-0.09754243493080139
0.4110238254070282
-6.095167223782105e-35
-5.262638273080345e-35
1.963882857281634e-35
5.681767441939503e-35
-6.128842726251389e-35
1.3411162243121187e-35
5.42662317885116e-35
-3.850425016544188e-35
5.916407708595022e-35
3.4550843980351303e-35
5.817912991021874e-35
5.884213627473136e-35
5.731464794657251e-35
-6.187011903489712e-35
3.897331718122435e-35
-6.06990270481719e-35
5.249001275872735e-35
-4.947452536575759e-35
-6.105702477106979e-35
-2.0075206456755447e-35
-0.04676442593336105
4.5018847893304913e-35
-4.7157682249528254e-35
-5.766756601858916e-35
-6.064814444358187e-35
-4.7112281076115147e-35
6.184300460465647e-35
5.387991429448599e-35
-6.068721470747858e-35
-2.954191504073183e-35
-5.643741806811585e-35
-5.148777181112562e-35
3.9911743938433295e-35
-4.4285756695927474e-35
3.308701487018547e-35
4.7856880409104885e-35
-4.6652931403769895e-35
5.447660969105403e-35
3.254428143718802e-35
-4.5616039775524055e-35
-5.185998107705396e-35
-0.09155987948179245
-0.03187806159257889
-6.481928398048528e-35
0.30245426297187805
-0.10905085504055023
0.0015389327891170979
0.096281036734581
-0.15010561048984528
0.042001161724328995
-0.07183649390935898
0.014287895523011684
0.056858815252780914
-0.06005048379302025
-0.1599631905555725
0.08254260569810867
0.10478249192237854
-0.07531601935625076
0.08231291174888611
0.008116123266518116
-0.08451423048973083
-0.025461124256253242
0.3856252133846283
0.06858827918767929
5.131260708164127e-35
0.5465327501296997
0.21280212700366974
0.13232767581939697
-0.029934244230389595
0.13739264011383057
0.32417675852775574
0.20033220946788788
0.40381020307540894
0.08088909089565277
-0.03555438667535782
0.12424426525831223
-0.017132017761468887
0.022988267242908478
0.04626286402344704
0.564200758934021
0.07225707173347473
0.0020636990666389465
0.1938243955373764
1.2902816534042358
0.12458493560552597
6.201936319559087e-35
-0.3796176016330719
0.4714009165763855
0.01992470771074295
-0.24667687714099884
0.5004205107688904
-0.029070550575852394
0.25497666001319885
0.6466600894927979
-0.03705476596951485
0.35335955023765564
0.5865106582641602
-0.19835640490055084
-0.47063204646110535
0.2783636450767517
-0.12217611074447632
0.07195702940225601
0.35543444752693176
0.14153821766376495
0.8853009343147278
-6.028927428347048e-35
-5.404957463391937e-35
-3.172263499278098e-35
2.3421079221801718e-35
6.395444041457293e-35
-1.2524490527715782e-35
1.0224021393465495e-35
-6.245778585424912e-35
5.6205579358065e-35
3.9718576581842725e-35
5.147083390180298e-35
-5.529885880590461e-35
5.664703258809647e-35
-6.019402365479911e-35
-1.767754953883671e-35
-5.962377688112457e-35
6.035371984289935e-35
-4.875575763592154e-35
-5.933447210935286e-35
1.806847602682575e-35
-0.05545205622911453
-0.027356581762433052
-5.335267523160595e-35
0.2888413369655609
-0.10140608996152878
0.011037025600671768
0.08641460537910461
-0.1365402638912201
0.058990925550460815
-0.05904736742377281
-0.01694692112505436
0.04925534874200821
-0.07794170826673508
-0.1498706191778183
0.07368658483028412
0.11857054382562637
-0.07359648495912552
0.1145181730389595
0.005217649042606354
-0.0938575491309166
-0.013992929831147194
0.36238592863082886
0.049679484218358994
5.712809561556457e-35
0.5488797426223755
0.02289019152522087
0.2197108417749405
-0.010970818810164928
0.025500325486063957
0.5001862049102783
0.17436274886131287
-0.2784087657928467
0.010694862343370914
-0.4085026979446411
-0.05493165925145149
-0.01009330153465271
0.4121348261833191
-0.08177328109741211
0.9217442870140076
-0.004563412629067898
-0.29944348335266113
0.22725370526313782
0.8741255402565002
0.009576245211064816
-0.08177386969327927
0.3851112127304077
-0.1337529867887497
-0.12438024580478668
0.30745553970336914
0.059438738971948624
0.12728065252304077
-0.09798086434602737
0.14717580378055573
-0.027471182867884636
0.09364773333072662
-6.11822209461368e-36
-5.916946309430692e-36
0.09118298441171646
0.40201398730278015
0.07154469937086105
-7.277213319790451e-36
0.09065137803554535
0.33371806144714355
1.972804307937622
0.7017871141433716
0.9443118572235107
0.23643028736114502
0.6721572875976562
0.08071915805339813
0.1563418209552765
-0.015016002580523491
0.006965802051126957
0.33263447880744934
0.14458614587783813
0.4987427592277527
-0.12639859318733215
1.7421695846540547e-36
5.776613061723517e-36
-0.13299328088760376
0.10224856436252594
0.3620116114616394
3.402311417153866e-36
-0.11615249514579773
0.08990079164505005
-0.012913667596876621
-0.023766227066516876
-0.4105217158794403
-0.2257377952337265
-0.02456548623740673
0.5169619917869568
0.3958318531513214
0.7386650443077087
0.5624738335609436
0.5079769492149353
0.36058488488197327
0.13867713510990143
0.40274038910865784
-6.46243086125641e-36
6.63679274761419e-36
-0.07679479569196701
-0.028492650017142296
0.41186240315437317
7.41056922218406e-36
-0.09448521584272385
-0.42878586053848267
0.2422473430633545
10
10
