2
1
2
20
20
-0.005917680449783802
-0.002597988583147526
-0.00069104676367715
0.08919727802276611
0.039735034108161926
0.003682939102873206
-0.07510644942522049
-0.033467356115579605
-0.003081871662288904
0.08242665976285934
0.036713629961013794
0.0033511295914649963
-0.03292320668697357
-0.014673463068902493
-0.0015374753857031465
-0.04928414151072502
-0.021968811750411987
-0.0020810153800994158
-0.09009688347578049
-0.04012015461921692
-0.0036576895508915186
0.07588684558868408
0.033808957785367966
0.0030987949576228857
0.025764159858226776
0.011476068757474422
0.0012265511322766542
-0.07116032391786575
-0.03171338886022568
-0.0029255738481879234
0.0372263565659523
0.01659422554075718
0.0016843669582158327
-0.005376852583140135
-0.0023468872532248497
-0.0011985789751634002
-0.027153927832841873
-0.012100651860237122
-0.0013874700525775552
0.030208859592676163
0.013464046642184258
0.0014813371235504746
-0.037747710943222046
-0.016824819147586823
-0.001648788689635694
0.05329740047454834
0.02375529333949089
0.002245355397462845
0.06034505367279053
0.02689758874475956
0.0024849281180649996
0.006366995628923178
0.002790022175759077
0.00244937208481133
-0.01641181670129299
-0.007296099793165922
-0.0010721248108893633
-0.042913489043712616
-0.019129374995827675
-0.001864178921096027
-0.01834632270038128
0.2794854938983917
-0.2353113442659378
0.25826776027679443
-0.10315454006195068
-0.15437652170658112
-0.2822980284690857
0.23771415650844574
0.08062790334224701
-0.2230217009782791
0.1165708377957344
-0.01658151112496853
-0.08497940003871918
0.09455780684947968
-0.1181744784116745
0.16698849201202393
0.18901030719280243
0.019712233915925026
-0.05128389224410057
-0.13434217870235443
-0.0010799862211570144
-0.021755332127213478
0.3332342505455017
-0.2806394696235657
0.30792683362960815
-0.12301449477672577
-0.18417736887931824
-0.33655214309692383
0.28353771567344666
0.09616803377866745
-0.2658749520778656
0.13908247649669647
-0.01976528763771057
-0.10147485882043839
0.11291315406560898
-0.141001895070076
0.19912445545196533
0.2254999727010727
0.023459313437342644
-0.06112710013985634
-0.1603822112083435
-0.0012264163233339787
-0.021183175966143608
0.32268092036247253
-0.2715890109539032
0.29802095890045166
-0.1189090833067894
-0.1781032532453537
-0.3258276879787445
0.27435702085494995
0.09318001568317413
-0.25733131170272827
0.13448256254196167
-0.019170410931110382
-0.098046213388443
0.1090744286775589
-0.13646748661994934
0.19254352152347565
0.2183299958705902
0.022712497040629387
-0.059224940836429596
-0.15504276752471924
-0.0011858983198180795
-0.01644010655581951
0.2509353458881378
-0.21119725704193115
0.23167936503887177
-0.09243255853652954
-0.1384601593017578
-0.25327765941619873
0.21327684819698334
0.07231301814317703
-0.20021165907382965
0.10454384982585907
-0.014895624481141567
-0.07622066885232925
0.0847976952791214
-0.10601480305194855
0.14969338476657867
0.16962629556655884
0.01765577308833599
-0.045982394367456436
-0.12052877247333527
-0.0009854857344180346
-0.020791398361325264
0.31689170002937317
-0.26673996448516846
0.29269883036613464
-0.11678579449653625
-0.17492319643497467
-0.32002583146095276
0.2694547176361084
0.09139611572027206
-0.25275424122810364
0.13208214938640594
-0.01883714646100998
-0.09629366546869278
0.10712934285402298
-0.13399788737297058
0.18911290168762207
0.2143867015838623
0.022308487445116043
-0.058143023401498795
-0.15227553248405457
-0.001169670489616692
-0.020425517112016678
0.31132736802101135
-0.26219260692596436
0.28753891587257385
-0.11486519873142242
-0.17206129431724548
-0.31438499689102173
0.2648618817329407
0.08986896276473999
-0.2483719438314438
0.12985922396183014
-0.018458900973200798
-0.0947861298918724
0.10535553097724915
-0.1317349076271057
0.18590623140335083
0.21066151559352875
0.021923718973994255
-0.05715043842792511
-0.14982518553733826
-0.0011625642655417323
0.020996414124965668
-0.3211577236652374
0.2702917754650116
-0.2965925633907318
0.11833257228136063
0.17726823687553406
0.3242354393005371
-0.2730554938316345
-0.09273558855056763
0.256147563457489
-0.13384056091308594
0.019046610221266747
0.09756820648908615
-0.10856617987155914
0.13579735159873962
-0.19167594611644745
-0.2172614187002182
-0.02260187268257141
0.05891486257314682
0.15430580079555511
0.001184936729259789
0.01904023438692093
-0.29035449028015137
0.24436911940574646
-0.2678065001964569
0.10692557692527771
0.16020376980304718
0.2927524149417877
-0.2466151863336563
-0.08375663310289383
0.23164355754852295
-0.12095383554697037
0.01716630533337593
0.08813401311635971
-0.09804195165634155
0.12287670373916626
-0.17304839193820953
-0.1964416801929474
-0.020445294678211212
0.05323593690991402
0.13943110406398773
0.001077371183782816
-0.019771557301282883
0.3008187711238861
-0.253207802772522
0.27803462743759155
-0.1109175756573677
-0.16623979806900024
-0.30391746759414673
0.2559061050415039
0.08673187345266342
-0.24001580476760864
0.1253906786441803
-0.017863627523183823
-0.09148766845464706
0.10179558396339417
-0.1271623820066452
0.17973878979682922
0.20339342951774597
0.021194757893681526
-0.055198900401592255
-0.1445728987455368
-0.0011374412570148706
0.02094305492937565
-0.31921443343162537
0.2687356472015381
-0.2950376868247986
0.11768978089094162
0.1762499362230301
0.3225957453250885
-0.2715546190738678
-0.09200605005025864
0.2545793652534485
-0.13308648765087128
0.01895725354552269
0.09700419008731842
-0.10799164324998856
0.13491062819957733
-0.1906495988368988
-0.21587157249450684
-0.022610334679484367
0.05852462351322174
0.15340489149093628
0.0011885806452482939
0.022233765572309494
-0.33776047825813293
0.2844371497631073
-0.31209152936935425
0.12469150871038437
0.18667440116405487
0.34110748767852783
-0.2873753011226654
-0.09751132130622864
0.2694511115550995
-0.1409909874200821
0.02001914009451866
0.10280606895685196
-0.11436305195093155
0.14294181764125824
-0.20186910033226013
-0.2285555601119995
-0.02379297837615013
0.061972685158252716
0.1625267118215561
0.0012397997779771686
0.020510738715529442
-0.3129042088985443
0.2633853554725647
-0.2893162965774536
0.11532872170209885
0.1727326363325119
0.31629684567451477
-0.266228586435318
-0.09022929519414902
0.24964649975299835
-0.1304490864276886
0.018628913909196854
0.09513579308986664
-0.10588224977254868
0.1322493553161621
-0.18693561851978302
-0.21156944334506989
-0.022036112844944
0.057363662868738174
0.15038925409317017
0.0011676332214847207
0.01698632724583149
-0.25856921076774597
0.21763575077056885
-0.2385031133890152
0.0952523872256279
0.14269042015075684
0.2607327997684479
-0.21967650949954987
-0.07468888908624649
0.20641137659549713
-0.10772751271724701
0.015322144143283367
0.07849550247192383
-0.08730551600456238
0.10943185538053513
-0.15404024720191956
-0.1749248206615448
-0.018209261819720268
0.04745113104581833
0.12419487535953522
0.0009897229028865695
-0.021347282454371452
0.32521486282348633
-0.27374982833862305
0.30030927062034607
-0.11986861377954483
-0.17952588200569153
-0.32828935980796814
0.2764866054058075
0.09389430284500122
-0.259477436542511
0.13556313514709473
-0.0192328542470932
-0.09880363941192627
0.1099347397685051
-0.13760055601596832
0.19409896433353424
0.21994562447071075
0.022908475250005722
-0.05969291925430298
-0.1563316285610199
-0.001198023441247642
0.019518526270985603
-0.29966381192207336
0.2522406280040741
-0.2767389118671417
0.11042854934930801
0.1654835343360901
0.30250585079193115
-0.2548203766345978
-0.08651808649301529
0.2390751987695694
-0.1249111220240593
0.017717605456709862
0.09109823405742645
-0.10133200883865356
0.12673091888427734
-0.17888465523719788
-0.20276989042758942
-0.021104121580719948
0.05499829351902008
0.14404718577861786
0.0011293849674984813
-0.02153930254280567
0.3281126022338867
-0.2762279510498047
0.30317434668540955
-0.12094365805387497
-0.1811504364013672
-0.3314213454723358
0.2790749967098236
0.09465014189481735
-0.2617071270942688
0.13678662478923798
-0.019446128979325294
-0.09971850365400314
0.11096268892288208
-0.13882003724575043
0.19591838121414185
0.22204037010669708
0.023126356303691864
-0.060223937034606934
-0.15770293772220612
-0.0012090461095795035
-0.021497612819075584
0.32787954807281494
-0.2761223316192627
0.3028331696987152
-0.12094854563474655
-0.18119315803050995
-0.33101221919059753
0.27878206968307495
0.09450823813676834
-0.26161301136016846
0.13674083352088928
-0.019382035359740257
-0.09962605684995651
0.11085132509469986
-0.13857898116111755
0.1957402229309082
0.2218024730682373
0.023093467578291893
-0.06016649305820465
-0.15756994485855103
-0.0012103751068934798
-0.017030537128448486
0.25971949100494385
-0.21860282123088837
0.23998203873634338
-0.09584900736808777
-0.143461674451828
-0.262201726436615
0.2209666222333908
0.07489767670631409
-0.20714576542377472
0.10841331630945206
-0.015339793637394905
-0.07902559638023376
0.08798924088478088
-0.10981711745262146
0.15522505342960358
0.17572656273841858
0.01829182356595993
-0.04766194149851799
-0.12495650351047516
-0.0010176041396334767
-0.01754683256149292
0.26655691862106323
-0.22452819347381592
0.2461796998977661
-0.09836762398481369
-0.14733190834522247
-0.26916131377220154
0.22678211331367493
0.07700703293085098
-0.21274518966674805
0.11126270890235901
-0.0157618448138237
-0.08107128739356995
0.09022122621536255
-0.11279943585395813
0.15922799706459045
0.1803320348262787
0.01873677596449852
-0.048920463770627975
-0.1282745748758316
-0.001014167326502502
0.02098657190799713
-0.31986308097839355
0.26917514204978943
-0.2952268719673157
0.11782256513834
0.17652039229869843
0.32277023792266846
-0.2718203365802765
-0.09227746725082397
0.25517281889915466
-0.133261039853096
0.01898205652832985
0.097140833735466
-0.10805156081914902
0.13514909148216248
-0.19073867797851562
-0.21620458364486694
-0.02252882719039917
0.058632586151361465
0.1536315232515335
0.0011735046282410622
-0.6933817863464355
-0.8283796310424805
-0.8020536303520203
-0.6219853162765503
-0.7875320315361023
-0.7732242941856384
0.7979848980903625
0.7208341956138611
-0.7467326521873474
0.7929596304893494
0.8397762775421143
0.7771968245506287
0.6416856646537781
-0.8081658482551575
0.7439005970954895
-0.8156245350837708
-0.8148152232170105
-0.6438717246055603
-0.6613118052482605
0.7948881983757019
0.10831277817487717
