4
1
5
100
1
2
1
2
0.225838
0.803573
0.107043
0.195742
-4.05472
0.428072
0.324711
-0.143778
0.300854
-4.06905
0.0727356
0.0213278
0.0512055
0.000382342
-0.423737
-0.609219
-0.667196
-0.0796273
-0.135501
2.74594
-0.750549
-0.920979
0.0649268
0.284286
3.33248
0.0480959
0.00316966
-0.0115833
0.00522117
-0.290006
-0.00843966
-0.00249269
0.0334773
0.00451526
-0.360032
-1.62274
-1.13136
0.0500426
-0.185769
4.49549
0.889721
0.377841
0.185243
0.454233
-1.66626
-0.283485
-0.599412
0.0770861
-0.151539
2.53307
0.154771
0.0077635
0.00586632
-0.0014917
-0.293631
0.600579
-0.483375
-0.307412
-0.660465
-0.960769
2.23202
1.4066
-0.550743
0.224963
-1.09731
-0.730944
-0.788444
-0.061622
-0.215101
3.13697
-0.00664949
-0.00330807
0.000459821
0.00053849
-0.0787061
0.0258038
0.0118336
0.000514096
-0.000134809
-0.169579
-0.877739
-0.650995
-0.048418
-0.130881
2.71793
1.87632
1.14824
0.765111
0.126959
-0.971959
2.92016
-0.596079
-0.114032
-0.173884
-3.37062
-0.780856
-0.359609
0.102443
0.363576
1.8036
-0.527458
0.339035
-0.0297196
-0.331033
-3.99783
-0.211886
-0.00902308
0.0166388
0.0174923
-0.678416
-0.661559
0.290284
0.073194
-0.30827
-3.6414
-0.952289
-0.666212
-0.0253711
-0.279431
-2.89662
-3.42183
-0.973057
0.851564
-0.329615
-0.735774
-1.51966
-0.595088
-0.820793
-0.0280756
-0.305082
0.217644
0.0157602
0.00390704
0.000730899
-0.554654
-0.193164
-0.0164031
0.0115923
0.00300088
-0.561114
-0.373716
-0.670256
-0.0918338
-0.0893747
2.76919
-2.84679
0.521613
0.0575452
0.221686
-3.44354
-0.0197244
0.00284115
0.140039
-0.00734448
-0.62276
1.49511
0.46496
1.14267
-0.180335
-0.502204
-0.324576
0.0108946
0.0138274
-0.00568803
-0.622035
0.108011
0.00791901
-0.00182663
-0.000754421
-0.25418
-1.16218
-0.696277
0.0323458
-0.668427
-3.3432
0.0439748
0.0313035
0.0646937
-0.00167722
-0.641379
2.91428
1.33117
-0.500731
0.146657
-0.775209
0.117522
0.609196
-0.136978
-0.028938
-0.715686
-0.0361845
-0.0172236
0.110002
-0.000906322
-0.598256
-1.48635
-0.48297
-0.322158
-0.0863788
-0.312717
-0.620358
-0.672704
0.142621
-0.165103
2.82366
2.03347
-0.577177
1.09072
-0.174134
-1.10971
-0.129588
-0.346357
0.032182
-0.0682925
1.40982
-0.810632
-0.854949
-0.0613025
-0.300341
-3.48095
4.24882
1.16146
0.430214
-0.20521
-0.471677
1.57287
1.09513
0.388677
0.059838
-2.35561
0.550841
-0.0120757
0.0278722
-0.0118756
-0.907469
-1.49118
-0.801706
0.389625
-0.121246
2.14727
-0.513796
-0.237574
-0.24918
-0.686444
-2.22102
-0.260755
-0.936226
-0.0141542
0.319348
-3.29753
5.01943
1.14965
-0.622414
0.0514728
-0.735383
-0.404121
-0.984891
-0.0259623
0.36959
-3.33344
0.354747
0.624394
0.233604
-0.0806922
-4.3146
0.655212
-0.0115042
0.0200808
-0.00108614
-1.08143
-0.625327
0.382535
0.145537
0.911184
0.818152
-1.67652
-0.444817
0.25165
0.77253
2.74138
-2.35244
0.13145
-0.0519789
0.270447
-2.8752
-0.4807
-0.622134
-0.00733638
-0.150214
2.51939
-2.86174
0.639699
-0.0763355
-0.286364
-3.89148
-0.0165569
-0.546723
-0.0614075
-0.159528
2.66915
-1.09782
-0.650373
0.0349038
0.00784766
2.57828
1.3676
0.276634
-0.68042
0.201857
-0.610619
-0.557935
0.744146
0.298082
0.7901
1.24631
-0.0706681
-0.618415
-0.138603
-0.140272
2.64385
-0.86462
-0.998072
-0.0478709
-0.243389
3.9116
2.10398
0.6432
-0.544019
0.162368
-1.94682
-0.837445
-0.701024
-0.0610119
-0.0654106
2.87281
-1.48354
-1.22394
-0.520508
0.058953
2.5948
-0.936211
-0.761919
0.0273478
-0.14314
3.04677
-0.540147
0.376949
0.237951
0.74699
0.719358
-0.93891
-0.427127
0.138079
0.418111
2.15211
1.27931
0.383022
-0.163456
-0.372676
-1.94493
1.04073
0.0428412
0.11688
-0.00392033
-2.08632
-0.476934
-0.734601
-0.0394871
-0.0890483
3.05946
1.28043
0.450522
-0.0442669
0.516439
-2.52992
-0.264802
-0.363244
0.560837
-0.207596
-0.292996
-1.13462
-0.373304
0.642552
-0.177467
-0.278103
3.01055
1.15068
0.852043
-0.0904446
-0.825656
-0.489149
-0.907942
-0.0813113
-0.306611
-3.40651
0.0386992
-0.0108705
-0.00101199
-0.00595694
-0.284421
-0.299312
0.0331054
0.0640862
-0.00095753
-0.877247
0.730826
0.903544
-0.14393
0.11428
-4.20486
-1.06392
-0.584692
-0.0137996
0.0866313
2.19124
0.303652
0.896848
0.180889
0.335472
-5.39823
0.0126607
-0.281638
0.0708723
0.0807692
-0.361212
0.0535932
-0.0118345
0.0382429
0.00785391
-0.414424
-4.01439
-1.00066
-0.73712
0.363743
-0.588461
0.603745
-0.0392881
0.0480963
0.02431
-1.38889
-0.421112
-0.0360283
0.192309
0.0048804
-1.27722
-0.55924
-0.627416
-0.104416
-0.123205
2.59855
-1.09588
-0.550902
-0.0214914
0.0117806
2.09211
0.423991
-0.729418
-0.397778
-1.05455
-0.95024
-0.0564608
-0.00499713
-0.0247553
0.0148911
-0.730258
-0.209102
-0.464092
-0.270563
-0.206203
-0.390348
-1.17167
-0.639106
-0.0364963
0.139697
2.27745
0.130449
-0.00297281
-0.0257385
0.0118855
-0.519277
1.46287
0.576106
-0.149834
-0.589873
-2.37278
0.981979
0.00563249
-0.0287296
-0.0158265
-1.48056
-0.0939933
-0.000965651
0.0219542
0.00111034
-0.263608
-3.53066
-1.2248
0.211615
-0.0446286
-0.626884
-2.88139
-2.28954
0.0385922
1.20455
1.07882
0.00182148
-0.00164476
1.92032
1.15811
1.19032
0.0155221
-0.992872
0.264232
1.33629
-0.00392126
0.00174664
1.51469
0.0859728
-2.96539
0.471241
-3.3571
-0.0139742
-1.98328
-0.729362
-0.181422
-0.11968
0.0238439
-0.0018117
1.38853
5.10035
-0.00750493
0.211826
-0.00988887
0.00449832
-0.802337
0.0146879
0.108686
0.410683
0.0192483
-0.119842
1.31272
-0.0259702
0.216529
-1.30918
0.209345
-1.02352
0.0265256
0.399979
-0.295681
-3.86981
0.331264
-2.6624
-4.10022
-0.014994
0.731447
0.548908
-0.0273917
1.39574
4.01391
1.06867
0.760056
0.064197
0.868336
1.45021
1.43833
-0.512361
1.10108
0.675224
1.44211
0.477487
0.322131
0.376973
-0.0268595
1.5479
0.887037
-0.0928056
-0.0463614
0.106222
-2.10637
0.000460884
-0.0188481
-3.50571
0.518803
-6.31919
-0.170728
0.00873198
-0.225373
0.00734141
0.234394
1.02087
0.500954
-0.618033
0.0135303
-0.340287
0.671913
0.00149233
1.37336
-0.0172916
-0.00189294
-0.404816
1.15263
1.0
0.0
-1.0
0.0
1.0
1.0
0.0
1.0
0.0
1.0
-160.0
1.0
-1.0
0.0
80
1
