18
1
2
20
20
-2.2283893486019224e-05
4.244926094543189e-05
-0.1740311086177826
-2.5064095098059624e-05
2.756850517471321e-05
-0.17396202683448792
-5.739219341194257e-05
7.433773862430826e-05
3.492408723104745e-05
4.594208439812064e-05
2.5391294911969453e-05
3.872899105772376e-05
-4.6233839384512976e-05
9.621722711017355e-06
-6.491580279543996e-06
-4.448836079973262e-06
-0.17383703589439392
-8.262417395599186e-05
3.8291966915130615
-3.289596861577593e-05
7.118635403458029e-05
-0.06009329482913017
-9.567516826791689e-06
5.1653441914822906e-05
-0.05995219200849533
-2.3651606170460582e-05
6.377626414177939e-05
3.139185719192028e-05
-3.1628096621716395e-05
2.371935624978505e-05
1.4025789823790547e-05
-4.7532426833640784e-05
1.271824658033438e-05
-4.0266117139253765e-05
3.5522913094609976e-05
-0.05982565879821777
-6.602730718441308e-05
1.328532099723816
-7.414152787532657e-05
-7.68809113651514e-05
0.20073764026165009
1.604460703674704e-05
-5.842693644808605e-05
0.20259509980678558
3.396983083803207e-05
-7.750945951556787e-05
-1.520189289294649e-05
6.0792386648245156e-05
6.979640602366999e-06
6.147462408989668e-05
-1.903143129311502e-06
-1.8275870388606563e-05
8.835873450152576e-05
3.281306999269873e-05
0.20382335782051086
2.0570485503412783e-05
-1.4894546270370483
3.3501757570775226e-05
1.9144055841024965e-05
-0.04513612017035484
-2.9088929295539856e-05
6.269737787079066e-05
-0.028099585324525833
5.4406100389314815e-06
6.789500184822828e-05
-1.0448688044562005e-05
-8.760227956372546e-07
-2.4821529223117977e-05
-4.158536467002705e-05
-2.151459557353519e-05
-1.2949160009156913e-05
-0.00015601131599396467
-1.11313220259035e-05
-0.02594490349292755
-1.4652623576694168e-05
1.1394869089126587
-1.3294920790940523e-06
3.1570067221764475e-05
-0.21934731304645538
-4.5739598135696724e-05
4.6482971811201423e-05
-0.2199757695198059
-9.830480848904699e-06
7.10462627466768e-05
2.1766867575934157e-05
1.2378382052702364e-06
4.3956039007753134e-05
-4.198165697744116e-05
-2.146472252206877e-05
-3.277425275882706e-05
-8.199096191674471e-05
-2.9601089408970438e-05
-0.2204931229352951
-2.8137168555986136e-05
1.6343331336975098
1.7816601030062884e-05
-3.868900967063382e-05
-0.05647526681423187
-1.2372656783554703e-05
3.576723247533664e-05
-0.07495071738958359
-0.00022587089915759861
7.38400558475405e-05
2.447566657792777e-06
-3.034507972188294e-05
4.068357520736754e-05
-9.093857443076558e-06
2.1293013560352847e-05
1.1841468221973628e-05
-8.97193604032509e-05
-1.0849564205273055e-05
-0.08757036179304123
-2.394029070273973e-05
0.7756513953208923
-2.635385317262262e-05
6.38912315480411e-05
-0.07014339417219162
-1.922659794217907e-05
4.234529842506163e-05
-0.07010218501091003
-1.9203085685148835e-05
4.0384664316661656e-05
3.0515497201122344e-05
-1.9597699065343477e-05
2.5346926122438163e-05
-1.0695248420233838e-06
-3.43336105288472e-05
2.0666677301051095e-05
-3.635897155618295e-05
1.543867983855307e-05
-0.07009639590978622
-6.642132211709395e-05
1.550832748413086
-5.890239663131069e-06
2.0942763512721285e-05
-0.0390835702419281
1.304280522163026e-05
5.058671376900747e-06
-0.04734275862574577
2.36590531130787e-05
2.2996271582087502e-05
1.1762640497181565e-05
3.954254680138547e-06
2.440315620333422e-05
1.3083506928524002e-05
1.806554791983217e-05
4.0691338654141873e-07
-6.316583312582225e-05
-3.2403841032646596e-06
-0.03864278644323349
-9.871691872831434e-06
0.989026665687561
-5.59449108550325e-06
3.792494680965319e-05
-0.05188653990626335
-6.1899445427116e-05
9.084888915822376e-06
-0.025220701470971107
7.321398879867047e-05
0.00010439606558065861
2.9547663871198893e-05
-2.7467345717013814e-05
-4.822805931326002e-05
-1.6088602933450602e-05
-3.460956213530153e-05
7.65039658290334e-06
-5.7766170357353985e-05
7.931990694487467e-06
-0.06507096439599991
-3.179211853421293e-05
0.8321542143821716
-3.0828268791083246e-05
-0.0001637918467167765
0.02523713931441307
2.9376766178756952e-05
-2.8721613489324227e-05
0.02251293882727623
-3.126993397017941e-05
-3.5052889870712534e-05
-5.436217179521918e-06
2.022251283051446e-05
-2.761896757874638e-05
3.898071008734405e-05
3.6628785892389715e-05
1.8879443814512342e-05
0.00011796140461228788
4.178821836831048e-05
0.017853375524282455
9.07525754882954e-05
0.878056526184082
-6.663745807600208e-06
-2.094609590130858e-05
-0.005300375632941723
-6.662301984761143e-06
5.0125228881370276e-05
-0.015260719694197178
-1.4539958101522643e-05
2.8024940547766164e-05
2.6421712391311303e-05
2.8312349968473427e-05
1.1527218703122344e-05
8.986856300907675e-06
-2.454686637065606e-06
2.6680911105358973e-05
-6.335608486551791e-05
6.644683026024722e-07
-0.023958513513207436
-3.3593649277463555e-05
0.9977190494537354
3.3947580959647894e-06
6.7055196268484e-05
-0.22344423830509186
-3.0499322747346014e-06
4.033642107970081e-05
-0.22337643802165985
-6.0153051890665665e-05
1.9159844669047743e-05
2.5091972929658368e-05
-1.3875327567802742e-05
3.446730625000782e-05
2.439678064547479e-05
-7.073960296111181e-05
3.99566488340497e-05
-2.1719431970268488e-05
6.990857400523964e-06
-0.2227277010679245
-3.716623177751899e-05
4.851682186126709
-2.6422769224154763e-05
5.348985723685473e-05
-0.04319852590560913
-1.764600892784074e-05
2.659676829352975e-05
-0.04312533140182495
-2.511714046704583e-05
3.151704731862992e-05
1.3758040950051509e-05
-1.457212056266144e-05
1.7371741705574095e-05
6.733597729180474e-06
-1.589113708178047e-05
2.3972292183316313e-05
-2.409621811239049e-05
2.154776666429825e-05
-0.043049272149801254
-8.049058669712394e-05
0.9540174603462219
-1.392010562994983e-05
3.530267713358626e-05
-0.062389302998781204
-3.1428491638507694e-05
4.541736052487977e-05
-0.062310636043548584
-5.8418401749804616e-05
4.544746479950845e-05
1.908493140945211e-05
7.454509614035487e-06
3.132739584543742e-05
1.3938996744400356e-05
-4.323810571804643e-05
1.8087737771566026e-05
-2.4870168999768794e-05
-5.248196430329699e-06
-0.06222982704639435
-6.45806867396459e-05
1.374038577079773
2.75081220024731e-05
8.138253178913146e-05
-0.034767765551805496
3.3600790629861876e-06
6.755655704182573e-06
-0.028998125344514847
2.0613028027582914e-05
1.6765756299719214e-05
4.487335900194012e-06
2.8861172722827177e-06
-4.435376467881724e-06
-2.2749489289708436e-05
-5.883064659428783e-05
-1.7214919353136793e-05
-4.132667527301237e-05
1.624212927708868e-05
-0.028026491403579712
-1.4400533473235555e-05
0.7440277338027954
-1.6388636140618473e-05
5.1625986088765785e-05
-0.04758306220173836
-1.263884041691199e-05
3.5164604923920706e-05
-0.047531429678201675
-2.0052473701070994e-05
5.051519110566005e-05
2.841587775037624e-05
-1.8226695829071105e-05
2.139545904356055e-05
6.037516413925914e-06
-4.303851164877415e-05
1.4093666322878562e-05
-4.038316910737194e-05
1.0979261787724681e-05
-0.04748396947979927
-4.980833182344213e-05
1.0518348217010498
-2.2229382011573762e-05
5.7161159929819405e-05
-0.07695792615413666
-2.801920345518738e-05
3.873314562952146e-05
-0.07684913277626038
-1.8086917407345027e-05
5.569878703681752e-05
2.6259753212798387e-05
-1.5731362509541214e-05
2.1766118152299896e-05
8.954373697633855e-06
-3.752743941731751e-05
3.222569284844212e-05
-3.0055642127990723e-05
6.675035820080666e-06
-0.07680082321166992
-7.836121949367225e-05
1.6996095180511475
-1.0812991604325362e-05
4.5688546379096806e-05
-0.13626506924629211
-3.12675183522515e-05
3.405733150430024e-05
-0.13617642223834991
-6.0246467910474166e-05
7.615665526827797e-05
3.35773074766621e-05
4.250176061759703e-05
1.3847919035470113e-05
3.126535011688247e-05
-4.006062590633519e-05
1.2126773071940988e-05
-1.0611918696667999e-05
-7.765737791487481e-06
-0.13603906333446503
-8.001965761650354e-05
2.9957807064056396
2.4490167561452836e-05
4.076361801708117e-05
-0.07074099779129028
2.2392092432710342e-05
6.0117516113677993e-05
-0.07323534041643143
5.159175270819105e-05
1.6468438843730837e-05
3.408255724934861e-05
-1.7081682017305866e-05
2.0313174900365993e-05
-6.921367457835004e-05
-4.499419083003886e-05
1.484977656218689e-05
2.9333259590202942e-05
3.6111050576437265e-05
-0.05985839664936066
-5.9459303884068504e-05
0.8648753762245178
-2.0048122678417712e-05
6.245684926398098e-05
-0.05644047632813454
-2.6593046641210094e-05
3.221661609131843e-05
-0.05636084824800491
-1.7524376744404435e-05
5.749287083745003e-05
2.752970249275677e-05
-1.1503585483296774e-05
2.6372177671873942e-05
7.470630407624412e-06
-2.8461705369409174e-05
2.754999695753213e-05
-3.234461473766714e-05
9.242417036148254e-06
-0.05630437657237053
-6.690227019134909e-05
1.2464427947998047
0.3225472867488861
0.013981861993670464
-0.27672451734542847
0.15848229825496674
0.16428712010383606
0.04212384670972824
0.3425276279449463
0.211557999253273
0.32959023118019104
0.20737206935882568
0.054157231003046036
0.16643819212913513
0.20085079967975616
0.15043888986110687
0.2830899953842163
-0.04002274572849274
0.22922714054584503
0.04344131052494049
0.09354712814092636
-0.07936523854732513
0.5708774328231812
1.3422298431396484
0.2460165023803711
-1.1859745979309082
-0.047796837985515594
1.0455366373062134
-0.10606584697961807
0.2823229134082794
-0.08121229708194733
-0.10901408642530441
-0.2157965451478958
-0.11053598672151566
2.353188991546631
0.08448513597249985
0.2197926789522171
-0.006254402454942465
0.15130402147769928
0.3217739760875702
1.0196317434310913
0.024760931730270386
0.2640906572341919
4.027778625488281
0.25876832008361816
0.02142680436372757
-0.2751673460006714
0.006733312737196684
0.3992841839790344
0.18082962930202484
0.042710527777671814
0.08604788035154343
0.04257038235664368
-0.013654906302690506
0.002590717514976859
0.36861729621887207
0.057243868708610535
0.30874407291412354
0.0072785126976668835
0.1989307552576065
-0.045408785343170166
0.1924390196800232
0.2429841160774231
0.06759952753782272
0.9005500078201294
0.26370665431022644
0.09944400936365128
-0.31183749437332153
0.07013510912656784
0.25133970379829407
0.2669585943222046
0.4121743142604828
0.08715097606182098
0.3256440758705139
0.035577744245529175
0.12682616710662842
0.4341115653514862
0.16783027350902557
0.04442250356078148
0.18135909736156464
0.05763578787446022
-0.09630768746137619
0.21295009553432465
-0.10314992070198059
0.15128514170646667
0.8045239448547363
0.020783735439181328
-0.03098132647573948
-0.021230684593319893
-0.00201276782900095
0.04717138037085533
-0.021979764103889465
-0.030466686934232712
0.0241447351872921
-0.02626381628215313
0.001370563288219273
0.0038153082132339478
0.026424333453178406
0.011481301859021187
0.03731442242860794
-0.006136015523225069
0.03103514574468136
0.022394925355911255
0.019089993089437485
0.08277732133865356
0.03918926790356636
0.06146633252501488
-0.002777643036097288
0.0075796544551849365
0.004772258456796408
0.0018754868069663644
0.010550200939178467
-0.010370414704084396
-0.02013755962252617
0.013869117014110088
0.002975048730149865
0.004929236136376858
0.0027205606456846
-0.004080421291291714
0.026015939190983772
0.012114607729017735
-0.012141844257712364
-0.0028588210698217154
0.019071653485298157
-0.003135967766866088
-0.02495945803821087
0.020829621702432632
-0.13052240014076233
0.19307687878608704
0.00573152769356966
-0.2772294878959656
0.03350799158215523
0.18650051951408386
0.19864708185195923
0.30028149485588074
0.1246212050318718
0.1328539103269577
-0.03433949127793312
0.033240098506212234
0.5944036245346069
0.05980100482702255
0.22148843109607697
-0.06564338505268097
0.276077002286911
0.02583342418074608
0.22068506479263306
-0.0060052452608942986
0.16827183961868286
0.8949663639068604
0.1904134750366211
0.05399586632847786
-0.3019760549068451
-0.0075437044724822044
0.17670518159866333
0.00485524395480752
0.07088986039161682
0.008273821324110031
0.01280152052640915
-0.10858479142189026
-0.03242237865924835
0.24757394194602966
0.03310272842645645
0.05826936662197113
0.001823049271479249
0.05267610400915146
0.07271645963191986
0.15070517361164093
0.055474653840065
0.055334851145744324
1.5538957118988037
0.04639649763703346
0.007332047913223505
-0.06015254557132721
-0.0024166458752006292
0.04418867453932762
0.010865893214941025
0.016072925180196762
0.0037497561424970627
-0.0005722997011616826
-0.0187037643045187
-0.005104353651404381
0.05885449796915054
0.010804254561662674
0.015683211386203766
0.00490261847153306
0.02044147253036499
0.0193970687687397
0.03501986712217331
-0.00277890358120203
0.013812484219670296
0.21759089827537537
0.25559791922569275
0.020929602906107903
-0.268158495426178
0.2111055552959442
0.5045433044433594
0.2735283672809601
0.009582280181348324
0.10008817166090012
-0.04044337943196297
-0.037614207714796066
0.11449844390153885
0.5380980372428894
0.07729533314704895
0.25216713547706604
-0.08095240592956543
-0.06832270324230194
0.057197246700525284
0.12147816270589828
0.16431351006031036
0.0013273758813738823
0.8192934989929199
-0.07300931960344315
0.010179590433835983
0.6463841199874878
0.06348076462745667
-0.09195446223020554
0.017338765785098076
-0.004217926412820816
0.010227433405816555
0.07203648239374161
0.08533060550689697
0.05933930352330208
-0.08059991151094437
-0.0017009712755680084
-0.01590677537024021
0.017185714095830917
-0.00221836450509727
0.0328981839120388
-0.04654502123594284
0.007287286687642336
-0.01743597351014614
-0.45576411485671997
0.5468642711639404
0.13362601399421692
-0.8360267877578735
-0.024936698377132416
0.4719333052635193
0.05378541722893715
0.2059900462627411
0.017402473837137222
-0.0030715169850736856
-0.28951385617256165
-0.0854981318116188
0.7776695489883423
0.1279696822166443
0.18530093133449554
0.03969011828303337
0.14006629586219788
0.23485775291919708
0.42470839619636536
0.12985840439796448
0.1718250811100006
3.1454126834869385
0.3601299822330475
0.004309071693569422
-0.22629426419734955
0.26822429895401
0.15855078399181366
0.1535068154335022
-0.018421614542603493
0.014228904619812965
0.3899003267288208
-9.893529204418883e-05
0.16376374661922455
0.2936895489692688
-0.007366955745965242
0.020199893042445183
0.00043907962390221655
0.07437629252672195
0.0559387281537056
0.06236373633146286
0.4043749272823334
0.017385706305503845
0.6477982997894287
-0.09866758435964584
0.16413523256778717
-0.04352378100156784
0.04704393073916435
0.15339210629463196
-0.12117652595043182
0.08175285160541534
-0.19423578679561615
-0.29950717091560364
-0.12266096472740173
0.06022195890545845
-0.10390646755695343
-0.024117937311530113
0.13099627196788788
-0.22485075891017914
-0.0799298882484436
-0.06502441316843033
-0.06803940236568451
-0.06713618338108063
-0.22834603488445282
-0.15751424431800842
0.1235700324177742
0.25194722414016724
-0.2501867413520813
0.0577770434319973
0.50492262840271
0.3456847071647644
0.14902132749557495
-0.0636330395936966
-0.0473148450255394
0.13369812071323395
-0.07919411361217499
0.4189318120479584
0.2038584053516388
-0.14104750752449036
0.2115599364042282
0.10883203893899918
0.38461175560951233
0.2620599865913391
0.33737558126449585
0.008788779377937317
0.6171128153800964
0.25763267278671265
0.2344845086336136
-0.3086599111557007
-0.1085682064294815
0.07262936979532242
-0.10818393528461456
-0.08942554891109467
0.38517147302627563
0.001337153371423483
0.0704478994011879
0.10520949959754944
0.5942342281341553
0.1392468363046646
0.297402948141098
0.30304497480392456
0.029126498848199844
0.322622686624527
0.3188823163509369
-0.12678928673267365
0.21748869121074677
0.7941021919250488
0.10689841210842133
0.2104817032814026
-0.1976560354232788
-0.050649456679821014
0.11488964408636093
0.16351158916950226
0.19040310382843018
0.19714118540287018
0.1152295470237732
-0.0371314212679863
-0.04932640120387077
0.2379940152168274
-0.009991703554987907
0.10473869740962982
-0.021709075197577477
0.17823250591754913
0.2413007915019989
0.11475131660699844
0.21279749274253845
-0.05770992115139961
0.9239422082901001
0.08766163140535355
-0.1118898093700409
-0.2777121067047119
0.26963308453559875
0.433218389749527
0.4040983021259308
0.1470186412334442
0.2981564998626709
-0.06284057348966599
0.14608368277549744
-0.020386742427945137
0.28175580501556396
0.07870790362358093
0.06344969570636749
0.11602301895618439
0.27278709411621094
0.2457979917526245
0.22110049426555634
0.36990174651145935
0.1764928549528122
0.6483281850814819
0.09043581783771515
0.444126158952713
-0.22470875084400177
-0.02734336629509926
0.3215935528278351
0.02004818432033062
-0.03317868337035179
-0.1825740784406662
0.1636502593755722
-0.09453901648521423
0.274729460477829
0.3286080062389374
0.27530989050865173
0.3439890444278717
-0.010648438706994057
0.16975370049476624
0.15041179955005646
0.3239646553993225
0.12739014625549316
0.23652616143226624
0.6270262002944946
0.29082435369491577
0.18931883573532104
-0.3896063566207886
0.030532974749803543
0.24798905849456787
-0.0917610451579094
0.1153174340724945
0.001719423569738865
-0.015336240641772747
-0.057571761310100555
-0.04572048783302307
0.421686053276062
0.04973709210753441
0.12821869552135468
0.03186903893947601
-0.02654283493757248
0.18532317876815796
0.2036486566066742
0.13467304408550262
0.06876398622989655
1.5084302425384521
0.4622243642807007
1.9521288871765137
0.4038207530975342
0.5212598443031311
0.03558802977204323
-0.009425542317330837
0.4953879117965698
0.2564100921154022
0.06257091462612152
0.5733019709587097
-0.3361208140850067
0.7772464752197266
0.4439566135406494
-0.27402204275131226
0.3804902732372284
0.5721310377120972
0.23662042617797852
0.5520413517951965
0.5146235823631287
0.4103562831878662
0.37295690178871155
