3
1
2
20
20
0.004948917310684919
-0.6360195875167847
-0.5648548007011414
-0.4835103750228882
-0.2399640679359436
0.11757924407720566
-0.551152229309082
-0.02920691668987274
-0.01501139160245657
-0.4275207221508026
0.47463810443878174
-0.841228723526001
-0.04449402168393135
0.45103105902671814
-0.4559366703033447
1.333423137664795
0.5677015781402588
-0.03578457981348038
-0.18902969360351562
-0.10062912106513977
0.009847261942923069
0.475959450006485
-0.35888367891311646
0.7247875332832336
-0.47292858362197876
0.0058992947451770306
-0.2971268892288208
-0.883770227432251
-0.3672405779361725
-0.43802911043167114
0.0636412724852562
-0.320944607257843
-0.6071434617042542
0.39330777525901794
-0.13910214602947235
-0.46426719427108765
0.2490413933992386
-0.24554024636745453
-0.7373753786087036
0.0009536793804727495
0.5176967978477478
0.19162562489509583
0.5704302191734314
-0.9294682741165161
0.1026562750339508
0.1278066784143448
0.5081748366355896
1.2830473184585571
-0.3327842056751251
-0.3474941551685333
-0.06288275867700577
0.2550755739212036
-0.1239933967590332
-0.009944116696715355
0.8961565494537354
-0.5227785110473633
0.23666419088840485
-0.1299009770154953
-0.9552241563796997
-1.5360909700393677
-0.26268139481544495
-0.2830008566379547
-0.29563695192337036
1.3103784322738647
0.24378687143325806
-0.03069235198199749
0.252266526222229
0.25590842962265015
0.48960521817207336
0.39757007360458374
0.32360178232192993
-0.22391289472579956
-0.005791940726339817
0.6452412009239197
0.6042908430099487
3.3548836708068848
0.4250994324684143
-0.44982343912124634
0.0029210911598056555
0.5478051900863647
-0.6115788817405701
-0.3069474995136261
-0.5041279196739197
-0.06178677827119827
0.22410185635089874
0.3328765332698822
0.05343731865286827
0.1746290773153305
0.544417142868042
-0.5397703051567078
-0.5698663592338562
-0.2726179361343384
0.17240554094314575
-0.4327808916568756
0.4361319839954376
0.17045913636684418
-0.06285805255174637
0.023813840001821518
-0.06348586082458496
0.30942216515541077
0.6286875009536743
-0.007907618768513203
0.07513661682605743
-2.804937821565545e-06
0.11049861460924149
-3.8217091059777886e-05
0.07388222962617874
0.05017464980483055
0.006788216531276703
0.09150207042694092
0.000774895423091948
7.362335054494906e-06
-0.008104322478175163
0.03490469977259636
-0.00021909366478212178
0.0002463632554281503
0.08255109190940857
3.293161512374354e-07
7.708526027272455e-06
0.09679528325796127
-6.780276180506917e-06
-1.1088919639587402
-0.3276421129703522
0.2172909826040268
0.3013623058795929
0.3058856129646301
-0.5408929586410522
0.32742637395858765
0.24393141269683838
0.17376640439033508
0.300041526556015
0.007947688922286034
-0.03952169045805931
0.15686120092868805
-0.004444715101271868
0.7820541262626648
0.019365159794688225
-0.2668572664260864
0.10141468793153763
-0.20105119049549103
0.1986498385667801
-0.36157894134521484
-0.5290666222572327
-1.5925778598102625e-06
-4.014851526790153e-07
-3.680308873299509e-05
2.6432202503201552e-05
3.9814669435145333e-05
-2.2407713913707994e-05
-5.280706318444572e-06
-3.7946035718050553e-06
-1.1256247489654925e-07
-2.5650283532741014e-06
-5.712248594136327e-07
-2.9806453312630765e-05
-6.014775408402784e-06
-1.304377121869038e-07
6.167200353957014e-06
-5.63710000278661e-06
-2.7438380811872776e-07
-3.2843291819517617e-07
-9.189454431179911e-06
-2.577715895313304e-05
-0.16679494082927704
-0.25869253277778625
-0.16874414682388306
0.06535415351390839
0.34796789288520813
0.6818803548812866
0.1961989402770996
-0.008621654473245144
-0.1828649342060089
-0.23784735798835754
-0.11504645645618439
0.11259147524833679
0.055145710706710815
-0.5274433493614197
-0.14479584991931915
0.3246465027332306
-0.5929617881774902
0.25974032282829285
-0.052967604249715805
0.2426159679889679
0.35876548290252686
-0.04273802414536476
-1.726244568824768
-0.1100456565618515
0.3527880609035492
0.1739138662815094
-0.639448344707489
0.2084713876247406
-0.7307676672935486
-0.5809608697891235
-0.7814145088195801
0.35819700360298157
-0.9842203259468079
0.35387322306632996
-0.5861154794692993
0.6928408741950989
-0.34662532806396484
-0.5870322585105896
-0.07105047255754471
-0.8784074783325195
0.5165178775787354
0.2095026671886444
1.0426920652389526
-1.5038944482803345
-0.935049831867218
-0.9693146347999573
-1.1623258590698242
-0.43251746892929077
-1.002306342124939
-1.3555715084075928
0.19223596155643463
-1.2961130142211914
-0.842528760433197
0.41075319051742554
0.652241051197052
-0.6892856359481812
0.47087711095809937
-0.16590085625648499
0.17281578481197357
-0.2642606496810913
0.05448023974895477
1.3425670862197876
-0.1042313203215599
2.3309829235076904
-0.47805702686309814
-0.532057523727417
-0.6652653217315674
0.81292325258255
-0.3966314196586609
-0.9303930401802063
0.23307828605175018
-1.121740698814392
-1.1759436130523682
0.758433997631073
-0.5394397377967834
0.973414421081543
0.5148236751556396
1.2786312103271484
1.0458942651748657
-0.11679675430059433
-0.20584788918495178
0.11838570237159729
-0.9265825748443604
-0.9431244134902954
3.0777950286865234
-0.26533055305480957
0.4480701982975006
-0.32531243562698364
0.3338327407836914
-0.4364760220050812
-0.4836985468864441
-0.2535538971424103
-0.6517639756202698
-0.529729962348938
-0.3843475580215454
-0.0631876140832901
-0.08673238754272461
-0.4045143723487854
-1.144380807876587
-0.3040049970149994
-0.21181319653987885
0.08083387464284897
-0.2885840833187103
0.3126188814640045
-0.7262547612190247
2.6998655796051025
-0.11217085272073746
-0.10985994338989258
-0.5472172498703003
0.2558983862400055
0.059597957879304886
-0.4972132742404938
-0.4899199306964874
-0.293938010931015
-0.8521650433540344
0.4373920261859894
-0.3961266875267029
0.30470994114875793
0.19114772975444794
0.6541580557823181
1.0220222473144531
0.13736099004745483
-0.2554931640625
0.5865267515182495
0.26803016662597656
-0.8062030673027039
-0.15350331366062164
0.6162875294685364
0.8777106404304504
0.32727524638175964
0.8079406023025513
1.054740309715271
-0.40317079424858093
-0.012276390567421913
-0.5759961605072021
0.5268009901046753
-1.058312177658081
1.5014803409576416
-0.4027613699436188
0.1820140928030014
-0.7028144598007202
-1.628069281578064
0.8318983912467957
-0.5990297198295593
0.7788400650024414
-1.2993419170379639
0.036952193826436996
0.5509286522865295
-1.429850726708537e-05
-1.589926796441432e-05
-2.3252485334523953e-05
-1.1033775138002966e-07
3.553814309498193e-08
-1.376025238641887e-06
-4.979385163201254e-14
1.2250922054590774e-08
6.552025411110662e-08
1.0025753908848856e-05
-7.6016162893211e-06
3.5832368183719154e-08
-1.0059560651143329e-07
-3.489493974484503e-05
-1.4460720398901117e-09
-9.916645637986221e-08
-1.9405459170229733e-05
-1.7600434148334898e-05
-2.7959520139120286e-06
-4.877427272731438e-06
0.0
-0.2113013118505478
-0.007803778629750013
-0.4212321639060974
-0.7469429969787598
-0.17563427984714508
-0.0544673390686512
0.17986980080604553
0.27996760606765747
0.1775825023651123
-1.3023641109466553
-0.006330698728561401
-0.4165215492248535
0.20794989168643951
-0.7928417325019836
-0.4841005504131317
0.2202650010585785
0.02576564997434616
0.00019614708435256034
-0.012979813851416111
0.21767689287662506
1.0256389379501343
0.9359288215637207
0.17277230322360992
0.6036436557769775
-0.29030799865722656
-0.47135961055755615
-0.2377278059720993
0.4294295310974121
0.617464005947113
-0.14457358419895172
-0.40533217787742615
-0.17526020109653473
0.6806644201278687
0.6618451476097107
0.3835604786872864
-0.700823962688446
0.08612291514873505
0.5523015260696411
-0.5288713574409485
1.718136191368103
-0.09874845296144485
-0.2952651083469391
-0.10901667922735214
0.33459019660949707
0.597873866558075
0.43994399905204773
0.2786766290664673
0.6244603991508484
-0.06707356125116348
-0.08985082060098648
-0.2068004310131073
-0.6221744418144226
0.9378873705863953
0.13925914466381073
0.044838350266218185
-0.3509834408760071
0.5948777794837952
-0.971687912940979
0.1824987381696701
0.5751409530639648
0.23574112355709076
0.007670875173062086
-0.7914124727249146
0.278873473405838
-0.020867330953478813
-0.35347607731819153
-0.0824897438287735
0.17565332353115082
-0.43397843837738037
-0.19318275153636932
0.06474626809358597
-0.23821701109409332
-0.3334246575832367
0.49711713194847107
-0.221894308924675
0.30128610134124756
-0.06850264966487885
0.11015625298023224
0.3825339078903198
-0.29857516288757324
0.5985950231552124
-0.23014962673187256
-0.3551037013530731
0.5394472479820251
0.07765280455350876
0.22274044156074524
-0.49599042534828186
0.157620370388031
-0.07908326387405396
0.12506935000419617
0.1380399465560913
-0.2890060842037201
0.39824366569519043
-0.30590981245040894
0.26657071709632874
-0.018836699426174164
-0.1667802333831787
0.018542073667049408
0.044734708964824677
-0.07675863057374954
-0.02298036776483059
0.2062179148197174
0.2667101323604584
-0.31308138370513916
-0.7582229375839233
0.662929892539978
1.0135712623596191
-0.8223859667778015
-0.5481793880462646
0.8125256896018982
-0.5727649927139282
0.35820096731185913
0.06033075600862503
0.3916286528110504
1.0470166206359863
-0.6592859029769897
0.1543487012386322
-0.8397746682167053
0.4589693248271942
1.7218660116195679
0.1662992537021637
0.37071847915649414
-1.5303040742874146
0.8185345530509949
-0.6632791757583618
-1.6759371757507324
-0.3409724235534668
-0.18904171884059906
-0.0404517762362957
0.16666816174983978
-0.013503621332347393
0.13436847925186157
-0.18096813559532166
-0.47794246673583984
-0.10847214609384537
-0.05611620098352432
-0.9065120220184326
-0.2601657509803772
0.22111962735652924
-1.6571297645568848
-1.166584849357605
0.47321009635925293
-0.18828509747982025
0.20984932780265808
-0.6389701962471008
0.914765477180481
1.574694037437439
-0.611038327217102
0.5530257821083069
0.5635071396827698
0.6734139323234558
-0.37077030539512634
-0.1311870813369751
0.39850136637687683
-0.5826797485351562
0.18388104438781738
0.6586869955062866
-0.2812976539134979
0.15914702415466309
-0.2533442974090576
0.2120094746351242
-0.262636661529541
-0.0029339639004319906
0.051755089312791824
-0.12050630152225494
-0.5730903148651123
0.708573579788208
0.6633274555206299
0.43721434473991394
0.030814053490757942
0.4278385639190674
1.1477990879733718e-38
-0.36932697892189026
0.8575021028518677
1.0472627878189087
1.0316985845565796
-0.6437071561813354
0.6355255842208862
1.087741732597351
-1.136595426491402e-38
0.5798896551132202
-0.7675444483757019
-0.6066188216209412
0.36834144592285156
0.33839184045791626
-0.9888400435447693
0.7983251810073853
0.5006281137466431
0.39094430208206177
