4
1
3
20
20
20
0.02822963520884514
0.007960808463394642
-0.022950852289795876
-0.04249550402164459
0.020981203764677048
0.060090772807598114
0.016816023737192154
-0.04845869913697243
-0.09041132777929306
0.04501159489154816
-0.02948601543903351
-0.00829783920198679
0.023978134617209435
0.04443860054016113
-0.02268218994140625
-0.06472041457891464
-0.01809152029454708
0.052138566970825195
0.09731101989746094
-0.04858262464404106
-0.05438520014286041
-0.015234630554914474
0.04390031844377518
0.08185750991106033
-0.04093443229794502
0.0560455359518528
0.01569605991244316
-0.04522348940372467
-0.08434824645519257
0.0419883169233799
-0.004651373717933893
-0.0012693037278950214
0.0039571188390254974
0.006671966053545475
-0.017385687679052353
0.05189471319317818
0.014540588483214378
-0.04190629720687866
-0.07811557501554489
0.038883939385414124
0.00012506316124927253
3.512459807097912e-05
-0.00010206889419350773
-0.0001908524427562952
-0.2680985927581787
-0.06589241325855255
-0.018421214073896408
0.053079452365636826
0.09908052533864975
-0.049461834132671356
-0.050443898886442184
-0.014135927893221378
0.04074340686202049
0.07594074308872223
-0.03802080079913139
0.056548818945884705
0.01583707518875599
-0.045633286237716675
-0.08511211723089218
0.042368654161691666
-0.006888926960527897
-0.0019020258914679289
0.0057236142456531525
0.010098015889525414
-0.009081712923943996
0.05875032767653465
0.016447104513645172
-0.04738866165280342
-0.08840683847665787
0.044010408222675323
0.056932102888822556
0.015943391248583794
-0.04593908041715622
-0.08568858355283737
0.042654287070035934
-0.05480983108282089
-0.015348345972597599
0.04422818496823311
0.08247175812721252
-0.0412370003759861
0.04723367840051651
0.01323732640594244
-0.038174305111169815
-0.07110431790351868
0.03539225459098816
0.06298089772462845
0.01761474646627903
-0.050763897597789764
-0.09473543614149094
0.047168564051389694
-0.06483777612447739
-0.018123572692275047
0.05222674831748009
0.09747719764709473
-0.04866500198841095
-0.04857725650072098
-0.01361321471631527
0.03925206884741783
0.07312733680009842
-0.0366421602666378
0.018747303634881973
0.039705995470285416
-0.019593384116888046
-0.04275462403893471
-0.03598523885011673
0.03705007582902908
-0.0031019626185297966
0.03432253748178482
6.50685396976769e-05
-0.04352986440062523
-0.033394601196050644
0.037383947521448135
-0.004629833623766899
0.038826555013656616
0.03763515502214432
-0.036254286766052246
0.031255755573511124
0.04160023108124733
-0.04282759130001068
-0.032165106385946274
-0.019922098144888878
-0.030148906633257866
-0.06394366174936295
0.03164461627602577
0.06899552047252655
0.058074869215488434
-0.05965988710522652
0.0050638774409890175
-0.05526081845164299
-5.038747622165829e-05
0.07024635374546051
0.05389726534485817
-0.06019829958677292
0.007526433560997248
-0.06252533197402954
-0.06060361489653587
0.05850881338119507
-0.050315216183662415
-0.0669996365904808
0.0691123753786087
0.05191439390182495
0.014648595824837685
0.10850175470113754
0.23030243813991547
-0.11346682906150818
-0.24815396964550018
-0.2086828351020813
0.21482355892658234
-0.017977774143218994
0.19894257187843323
0.00038050435250625014
-0.2526814341545105
-0.1936059147119522
0.21676810085773468
-0.02681688964366913
0.2251754105091095
0.21823236346244812
-0.21025003492832184
0.18110403418540955
0.24135233461856842
-0.24857909977436066
-0.18645542860031128
-0.0658089891076088
0.026668107137084007
0.056584086269140244
-0.028040001168847084
-0.06110206991434097
-0.05143669992685318
0.05279224365949631
-0.004507474601268768
0.04889830946922302
2.2854452254250646e-05
-0.06220950931310654
-0.047738589346408844
0.053268760442733765
-0.006687844172120094
0.05532846599817276
0.05362753942608833
-0.0518202967941761
0.044520534574985504
0.05928884074091911
-0.061205968260765076
-0.04598348215222359
-0.012332015670835972
0.003565451130270958
0.007560390047729015
-0.0037722340784966946
-0.008194594644010067
-0.006903071887791157
0.007051811553537846
-0.0006177255418151617
0.006531817372888327
-5.3219846449792385e-06
-0.008343427442014217
-0.006398103665560484
0.007118512410670519
-0.0009125325013883412
0.0073913391679525375
0.007164129987359047
-0.00695029366761446
0.0059496499598026276
0.007920625619590282
-0.008201411925256252
-0.006172209046781063
-0.10191622376441956
0.1658235490322113
0.3521808683872223
-0.17291182279586792
-0.37904593348503113
-0.3185296654701233
0.32845112681388855
-0.027183400467038155
0.30412155389785767
0.0008065830334089696
-0.38599449396133423
-0.29544058442115784
0.33143141865730286
-0.04066575691103935
0.34431904554367065
0.3336755633354187
-0.3209298551082611
0.27681124210357666
0.36913105845451355
-0.37969839572906494
-0.28449517488479614
-0.1034325510263443
-0.1701447069644928
-0.3613804876804352
0.17739351093769073
0.3889296054840088
0.32681915163993835
-0.3370261788368225
0.027877040207386017
-0.31205734610557556
-0.0008390222792513669
0.39606156945228577
0.30312415957450867
-0.34008458256721497
0.04170942306518555
-0.35331156849861145
-0.3423878252506256
0.32928282022476196
-0.2840307950973511
-0.3787776231765747
0.3895992636680603
0.29189181327819824
0.10618983954191208
-0.15215514600276947
-0.3231545686721802
0.1588660478591919
0.3480028808116913
0.2925005257129669
-0.3013910949230194
0.02506125159561634
-0.2790736258029938
-0.0006502554751932621
0.35437408089637756
0.27131882309913635
-0.3041245937347412
0.037442322820425034
-0.31594452261924744
-0.30618277192115784
0.2947025001049042
-0.25401777029037476
-0.3386977016925812
0.3486008942127228
0.2612761855125427
0.09369102865457535
-0.0854087620973587
-0.18123911321163177
0.08940869569778442
0.19536355137825012
0.16433492302894592
-0.16907013952732086
0.014205190353095531
-0.15658123791217804
-0.00025757323601283133
0.19892200827598572
0.15247687697410583
-0.1705990433692932
0.021167952567338943
-0.1772087812423706
-0.1717500537633896
0.16556701064109802
-0.14254973828792572
-0.1899242252111435
0.1956983506679535
0.14685216546058655
0.050899457186460495
-0.027911806479096413
-0.05917513370513916
0.02925846353173256
0.06381067633628845
0.05370888486504555
-0.05521243438124657
0.004666890017688274
-0.05114305019378662
-6.207163824001327e-05
0.06496787071228027
0.049844056367874146
-0.05571039393544197
0.006945130880922079
-0.0578630156815052
-0.05608540028333664
0.05411059409379959
-0.04656808450818062
-0.06200186535716057
0.06391927599906921
0.04801066219806671
0.01488498318940401
-0.07439771294593811
-0.15783506631851196
0.07788403332233429
0.170130655169487
0.14312489330768585
-0.14724357426166534
0.012376188300549984
-0.1363726407289505
-0.0002216675493400544
0.1732264757156372
0.13280236721038818
-0.14857418835163116
0.01844201423227787
-0.15432733297348022
-0.1495763659477234
0.14419738948345184
-0.1241569072008133
-0.16539347171783447
0.170421302318573
0.12790556252002716
0.04421970620751381
0.0755113959312439
0.16018858551979065
-0.0790238305926323
-0.17264047265052795
-0.14523257315158844
0.14943911135196686
-0.012546751648187637
0.13840626180171967
0.0002359247300773859
-0.17578232288360596
-0.13475683331489563
0.1507895588874817
-0.018702177330851555
0.1566285490989685
0.15180668234825134
-0.14632095396518707
0.12600885331630707
0.1678597331047058
-0.17293547093868256
-0.1297871470451355
-0.045406851917505264
-0.09130922704935074
-0.19377049803733826
0.09555753320455551
0.20884837210178375
0.17566540837287903
-0.18075692653656006
0.01517015602439642
-0.1674024909734726
-0.0002881173277273774
0.21265393495559692
0.1629856824874878
-0.18239185214042664
0.022612502798438072
-0.18946033716201782
-0.18362291157245636
0.17698299884796143
-0.15239903330802917
-0.20305860042572021
0.20920616388320923
0.15697135031223297
0.05469120666384697
-0.15174171328544617
-0.322286456823349
0.1584574282169342
0.3470909595489502
0.2917368710041046
-0.3005812466144562
0.02500614896416664
-0.278323233127594
-0.0006387748871929944
0.35344505310058594
0.27061140537261963
-0.30330702662467957
0.03735451400279999
-0.31509581208229065
-0.30535992980003357
0.2939332127571106
-0.2533342242240906
-0.33778804540634155
0.3476874828338623
0.2605957090854645
0.0933045744895935
0.05834830924868584
0.12374387681484222
-0.061083316802978516
-0.13337355852127075
-0.1122203841805458
0.11544676870107651
-0.009707992896437645
0.10692913085222244
0.00017101045523304492
-0.13579750061035156
-0.10413230955600739
0.11648933589458466
-0.014465954154729843
0.12099580466747284
0.11727435141801834
-0.11306073516607285
0.09735645353794098
0.12966381013393402
-0.13360093533992767
-0.10029502958059311
-0.03494730591773987
0.08722177892923355
0.18507198989391327
-0.09126412123441696
-0.19945265352725983
-0.1677674949169159
0.17264579236507416
-0.01448277197778225
0.15989340841770172
0.0002810483565554023
-0.203085795044899
-0.15565919876098633
0.17420697212219238
-0.021591421216726303
0.18095645308494568
0.17538245022296906
-0.16902568936347961
0.1455656886100769
0.19394105672836304
-0.19979381561279297
-0.1499158889055252
-0.05254986137151718
-0.05373328924179077
-0.11396748572587967
0.05629554018378258
0.12287899851799011
0.10339882224798203
-0.10632636398077011
0.008965285494923592
-0.09848189353942871
-0.0001385254436172545
0.12511217594146729
0.09594962000846863
-0.10728634148836136
0.013348681852221489
-0.11143703758716583
-0.10800918191671371
0.10417217761278152
-0.08966515958309174
-0.11941920220851898
0.12308923900127411
0.0924152210354805
0.03107609413564205
0.0374818816781044
0.07944811135530472
-0.03922852873802185
-0.0856122374534607
-0.07204779237508774
0.07412710785865784
-0.006231589242815971
0.06866353750228882
0.00011108699982287362
-0.08716630935668945
-0.06685934215784073
0.07479565590620041
-0.009287994354963303
0.07768600434064865
0.07529919594526291
-0.07258652150630951
0.06252173334360123
0.08324383944272995
-0.08575804531574249
-0.06439748406410217
-0.023371810093522072
0.13723765313625336
0.29138773679733276
-0.14332400262355804
-0.31380996108055115
-0.26380351185798645
0.27177903056144714
-0.0226252693682909
0.2516670823097229
0.000569214578717947
-0.3195485770702362
-0.2447131723165512
0.2742418348789215
-0.03379497677087784
0.2848917841911316
0.2760964334011078
-0.26578807830810547
0.2290836125612259
0.3053900897502899
-0.3143487572669983
-0.23566177487373352
-0.0844079852104187
0.12306060642004013
0.2612695097923279
-0.1286473572254181
-0.2814914882183075
-0.2366792857646942
0.24369697272777557
-0.020362846553325653
0.22567062079906464
0.00045339748612605035
-0.2866327166557312
-0.21956731379032135
0.24590426683425903
-0.03038497269153595
0.25544846057891846
0.24756641685962677
-0.23845802247524261
0.20542578399181366
0.2738161087036133
-0.2819741368293762
-0.21145237982273102
-0.07491379231214523
0.05727407708764076
-0.09160245209932327
0.33197781443595886
0.08163855969905853
0.011200787499547005
0.5080279111862183
-0.5208004713058472
-0.46562302112579346
-0.26061123609542847
-0.08471327275037766
-0.2268252968788147
0.230766162276268
-0.2786938548088074
-0.4643830955028534
0.17822781205177307
0.2666735351085663
-0.16359440982341766
0.11442805081605911
0.4202021062374115
0.3767254054546356
-0.01135361846536398
-0.052096061408519745
0.08441627770662308
-0.3038816750049591
-0.0744330957531929
-0.009863498620688915
-0.4651390314102173
0.47770223021507263
0.4271673560142517
0.23933668434619904
0.07809863239526749
0.20837166905403137
-0.2111372947692871
0.25590574741363525
0.4260294437408447
-0.16298067569732666
-0.24404211342334747
0.15041521191596985
-0.10449733585119247
-0.38470035791397095
-0.3448770344257355
0.005332730244845152
0.039421845227479935
-0.06417020410299301
0.23029351234436035
0.05636867880821228
0.007364025805145502
0.3523399531841278
-0.3620702028274536
-0.323840469121933
-0.18162338435649872
-0.05937861651182175
-0.158159539103508
0.16003043949604034
-0.19417704641819
-0.3229793310165405
0.12352747470140457
0.18496541678905487
-0.11422554403543472
0.079177126288414
0.29148003458976746
0.26133427023887634
-0.002723108744248748
0.019433453679084778
-0.031293194741010666
0.11274950951337814
0.027731170877814293
0.003717557992786169
0.17226926982402802
-0.17674703896045685
-0.15811768174171448
-0.08872237801551819
-0.0289479847997427
-0.07725780457258224
0.07843207567930222
-0.094853974878788
-0.15769663453102112
0.06058787554502487
0.09061507880687714
-0.055781133472919464
0.038894470781087875
0.14260326325893402
0.12789826095104218
-0.005140785127878189
-0.011434403248131275
0.018465206027030945
-0.06640253961086273
-0.016324898228049278
-0.0021684502717107534
-0.10142979025840759
0.1041024848818779
0.09314281493425369
0.05229611694812775
0.017083216458559036
0.045544859021902084
-0.046195488423109055
0.05590687319636345
0.09289636462926865
-0.035685036331415176
-0.05337032675743103
0.032893989235162735
-0.022903472185134888
-0.08397483825683594
-0.07531942427158356
0.004225798416882753
0.02078292891383171
-0.03347913548350334
0.12061149626970291
0.029659081250429153
0.003972599748522043
0.184296652674675
-0.1890978217124939
-0.16916407644748688
-0.09491675347089767
-0.030970294028520584
-0.08265194296836853
0.08389676362276077
-0.10147707164287567
-0.16871516406536102
0.06480805575847626
0.0969310998916626
-0.059675607830286026
0.04160064086318016
0.15255405008792877
0.1368197202682495
-0.004995228722691536
-0.013859190978109837
0.022373231127858162
-0.08048104494810104
-0.019785527139902115
-0.002632011892274022
-0.12294680625200272
0.1261838674545288
0.11289536207914352
0.06337649375200272
0.020698636770248413
0.055193379521369934
-0.055987343192100525
0.06775268167257309
0.11259576678276062
-0.04324847459793091
-0.06468387693166733
0.03986005485057831
-0.027757927775382996
-0.1017841175198555
-0.09129180014133453
0.00398246431723237
0.04505108669400215
-0.07236965000629425
0.2614973187446594
0.06426375359296799
0.008702402003109455
0.3999917507171631
-0.410293310880661
-0.3669041395187378
-0.20555192232131958
-0.0669374167919159
-0.17894163727760315
0.18179920315742493
-0.2197924256324768
-0.36592623591423035
0.14040488004684448
0.2100796103477478
-0.1291199028491974
0.090119369328022
0.3309211730957031
0.29671454429626465
-0.007964272983372211
0.03044290840625763
-0.04911509156227112
0.17692160606384277
0.04345778375864029
0.005806028842926025
0.270476371049881
-0.2775956392288208
-0.24830107390880585
-0.1392577588558197
-0.04543597251176834
-0.12125612050294876
0.12302537262439728
-0.14888791739940643
-0.24764196574687958
0.09501450508832932
0.1421554535627365
-0.08754097670316696
0.06097013130784035
0.22383560240268707
0.20072442293167114
-0.00499338936060667
-0.05814453586935997
0.0931643396615982
-0.33735552430152893
-0.08290655165910721
-0.011324339546263218
-0.5163125395774841
0.5294386148452759
0.473347008228302
0.26494622230529785
0.0861615464091301
0.2306014597415924
-0.23447862267494202
0.28332430124282837
0.4720841646194458
-0.18107515573501587
-0.2709760069847107
0.16633298993110657
-0.11623257398605347
-0.4270317554473877
-0.38284021615982056
0.010653183795511723
-0.05110827088356018
0.08287610858678818
-0.2982090711593628
-0.07303063571453094
-0.009656993672251701
-0.45644596219062805
0.46882161498069763
0.4192345440387726
0.23491574823856354
0.0766768530011177
0.20452944934368134
-0.20719444751739502
0.25117647647857666
0.4181184768676758
-0.1599341332912445
-0.2394874393939972
0.14764997363090515
-0.10253775119781494
-0.37751704454421997
-0.33843758702278137
0.004953088704496622
0.007385114673525095
-0.011912209913134575
0.04285278171300888
0.010541651397943497
0.001403002068400383
0.06544382125139236
-0.06715238094329834
-0.06008664518594742
-0.03374037891626358
-0.01102027390152216
-0.02938542328774929
0.029816607013344765
-0.03606962412595749
-0.05992664396762848
0.023035183548927307
0.034445613622665405
-0.021223044022917747
0.014787168242037296
0.05418700724840164
0.048604816198349
-0.010249089449644089
-0.04068376123905182
0.06557382643222809
-0.23648008704185486
-0.058068498969078064
-0.007789928000420332
-0.36168959736824036
0.37118303775787354
0.33195996284484863
0.18605634570121765
0.060658589005470276
0.1619880199432373
-0.16440078616142273
0.19893640279769897
0.33107641339302063
-0.12695683538913727
-0.18998098373413086
0.1169181764125824
-0.08146357536315918
-0.29925093054771423
-0.2683247923851013
0.006166335195302963
-0.05653290078043938
0.09176340699195862
-0.33015477657318115
-0.08079835027456284
-0.010665440000593662
-0.5055032968521118
0.5192789435386658
0.4643190801143646
0.2601107060909271
0.08490059524774551
0.22645749151706696
-0.22934237122535706
0.27811872959136963
0.4630824625492096
-0.17700783908367157
-0.2651072144508362
0.1634734869003296
-0.11346055567264557
-0.4180249869823456
-0.37472400069236755
0.005015238653868437
-0.018005715683102608
0.02907511219382286
-0.10460254549980164
-0.025706689804792404
-0.003419656539335847
-0.15982705354690552
0.1640467345714569
0.14676210284233093
0.08237171173095703
0.026898693293333054
0.07173352688550949
-0.07275844365358353
0.08806150406599045
0.14637331664562225
-0.05620024725794792
-0.08406422287225723
0.05180227756500244
-0.036067139357328415
-0.13230277597904205
-0.1186588928103447
0.003741420339792967
-0.0008215077104978263
0.0013996189227327704
-0.0049008456990122795
-0.0011854488402605057
-0.00013560302613768727
-0.007502594497054815
0.0077511100098490715
0.006939495448023081
0.003910928498953581
0.001296031754463911
0.0034100934863090515
-0.003406825242564082
0.004178632516413927
0.0069181472063064575
-0.0026216008700430393
-0.0039338525384664536
0.0024711911100894213
-0.0016733889933675528
-0.006204020697623491
-0.005564967170357704
-0.030529741197824478
0.05455181002616882
-0.0886065661907196
0.3186565637588501
0.07797615230083466
0.01027156412601471
0.48786506056785583
-0.5011956691741943
-0.44816601276397705
-0.25109875202178955
-0.08198178559541702
-0.21861732006072998
0.2213602215051651
-0.2684801518917084
-0.4469716548919678
0.1708459109067917
0.2558782994747162
-0.15782582759857178
0.1095062866806984
0.40345385670661926
0.36166879534721375
-0.004649892915040255
-0.0641125962138176
0.10395729541778564
-0.3744141161441803
-0.09161536395549774
-0.012141883373260498
-0.5734743475914001
0.5890079736709595
0.5266039967536926
0.29485607147216797
0.09617849439382553
0.2566830813884735
-0.260041207075119
0.31528711318969727
0.5252009630203247
-0.2006906121969223
-0.30061227083206177
0.18525564670562744
-0.12863966822624207
-0.47414901852607727
-0.4249960482120514
0.0061267889104783535
0.04129616916179657
-0.06669749319553375
0.24031150341033936
0.05896548554301262
0.007869272492825985
0.367592453956604
-0.37733685970306396
-0.33746638894081116
-0.18915656208992004
-0.061700232326984406
-0.16469109058380127
0.16704459488391876
-0.2022448480129242
-0.3365684151649475
0.12898096442222595
0.1930437982082367
-0.1188834011554718
0.0827433243393898
0.304116815328598
0.27268150448799133
-0.0056193117052316666
0.03971642628312111
-0.06411343067884445
0.23103086650371552
0.05670413002371788
0.007575066760182381
0.3533628284931183
-0.3627050220966339
-0.3243860602378845
-0.18183787167072296
-0.059310853481292725
-0.15831874310970306
0.16060394048690796
-0.19442079961299896
-0.3235214650630951
0.12401663511991501
0.18559741973876953
-0.11428426951169968
0.07956408709287643
0.2923583686351776
0.26214364171028137
-0.005636780057102442
0.5044121742248535
-0.4623909890651703
0.34985455870628357
0.17056997120380402
-0.10045614093542099
0.18251287937164307
-0.12179388850927353
0.3969597816467285
0.2681753635406494
-0.5130199193954468
-0.45374634861946106
0.06468182057142258
-0.3591479957103729
-0.5026997327804565
-0.15839938819408417
-0.007484630215913057
0.4848592281341553
-0.5704503655433655
0.36484795808792114
0.35066545009613037
-0.028089111670851707
0.5
22
