4
1
3
20
20
20
0.008591809310019016
0.0017490596510469913
-0.005191063042730093
-0.009395689703524113
0.22681564092636108
0.011722877621650696
0.002411505440250039
-0.007083423901349306
-0.012816932052373886
0.2640843093395233
0.008275986649096012
0.0016822798643261194
-0.005000114440917969
-0.009050372056663036
0.24425382912158966
0.00487253163009882
0.0009643071098253131
-0.0029362693894654512
-0.005324295721948147
0.20608098804950714
0.010704465210437775
0.002196148969233036
-0.006468047387897968
-0.011704307980835438
0.19397494196891785
0.007871726527810097
0.0015965921338647604
-0.004755754955112934
-0.008608648553490639
0.2505270540714264
0.008288122713565826
0.0016847810475155711
-0.005007516592741013
-0.009063809178769588
0.16213327646255493
0.015178311616182327
0.0031415747944265604
-0.009171457961201668
-0.016591817140579224
0.2263863980770111
0.0056447857059538364
0.0011251380201429129
-0.0034082054626196623
-0.006172493100166321
0.09418681263923645
0.00828354712575674
0.0016838446026667953
-0.005004728678613901
-0.009058723226189613
0.2585826516151428
0.01214226707816124
0.0025003005284816027
-0.0073367455042898655
-0.013274883851408958
0.14873366057872772
0.004861675668507814
0.0009622480720281601
-0.002929429989308119
-0.005312448833137751
0.17621222138404846
0.012401284649968147
0.002554805250838399
-0.007493357174098492
-0.013558190315961838
0.2754936218261719
0.00930053275078535
0.0018990099197253585
-0.005619379226118326
-0.010170014575123787
0.1582363247871399
0.011058025993406773
0.0022710971534252167
-0.00668165972456336
-0.012090735137462616
0.15884415805339813
0.008891780860722065
0.0018123910995200276
-0.005372650921344757
-0.009723346680402756
0.2537831664085388
0.0075173028744757175
0.0015214033192023635
-0.00454154284670949
-0.008221623487770557
0.3047831952571869
0.004128351807594299
0.0008117923862300813
-0.002485675271600485
-0.004509725607931614
0.22529125213623047
-0.0
-1.5211599297693046e-38
-6.801811269068911e-37
0.0
-0.06901192665100098
0.010078364051878452
0.0020638681016862392
-0.006089537404477596
-0.01102009043097496
0.2597361207008362
0.16935253143310547
0.23066864907741547
0.1631629765033722
0.09657512605190277
0.2107422798871994
0.15525031089782715
0.16342656314373016
0.29835909605026245
0.11174395680427551
0.163308247923851
0.23891450464725494
0.09637179970741272
0.24395176768302917
0.1832512766122818
0.21767903864383698
0.17521889507770538
0.14830206334590912
0.08200030773878098
-1.683249939220566e-35
0.19845914840698242
0.16710038483142853
0.13306136429309845
0.18123675882816315
0.1282089501619339
0.07589558511972427
0.1655520349740982
0.12199712544679642
0.12837684154510498
0.23437876999378204
0.087760329246521
0.12832984328269958
0.18765340745449066
0.07572291046380997
0.1916765719652176
0.14394381642341614
0.17098161578178406
0.13768208026885986
0.11656758934259415
0.06445677578449249
-1.0257535609844652e-35
0.1559378057718277
0.207090824842453
-1.8605593503993697e-36
-1.666913121918873e-35
8.329182471096917e-36
-9.642549165315271e-36
-6.208344284796474e-36
-6.338125060023245e-36
2.7804416152015188e-37
1.567245923347121e-35
-9.915914021320248e-36
-1.1468747511489074e-35
4.8998954531438614e-36
-1.0429777387677846e-35
-2.89421431550425e-36
1.1866162033788712e-35
4.370025805524257e-36
-6.042015134493263e-36
1.2319011474921532e-35
-8.227208479656046e-36
-1.1371477936831859e-35
-9.338687749937704e-36
-8.621392044005916e-05
0.07599508762359619
0.1035056784749031
0.07323107868432999
0.04335997253656387
0.0945294126868248
0.06968705356121063
0.07330050319433212
0.13382567465305328
0.050098616629838943
0.07330422848463058
0.10712853819131851
0.04325271397829056
0.10946860164403915
0.0821845605969429
0.09761660546064377
0.07864116877317429
0.06660455465316772
0.036836422979831696
2.6163398344125464e-36
0.08906357735395432
0.19530600309371948
0.030362410470843315
0.04130901023745537
0.029289275407791138
0.017407910898327827
0.03766581043601036
0.027891531586647034
0.029217010363936424
0.05327466502785683
0.019948234781622887
0.029334595426917076
0.042602378875017166
0.017330680042505264
0.043688926845788956
0.032731618732213974
0.03884537145495415
0.031445227563381195
0.026737311854958534
0.014845403842628002
1.5454296837699764e-35
0.03558165207505226
0.34245797991752625
-1.4290695542362343e-36
-1.5236164575450495e-35
-4.2693834287776775e-36
1.5431645038600544e-35
1.1628113665774993e-35
7.727232362233089e-36
3.844693405386709e-36
-1.2987270040603091e-36
-5.3721889081936944e-36
-1.5004001571303838e-35
1.4369703843847985e-35
6.41082146481006e-36
-4.731843669822875e-36
-2.2784594661593603e-36
-6.172106571984382e-36
4.993001220754569e-36
2.0630372478777695e-36
-1.8310693941604485e-36
3.637865160010231e-36
-5.08598645427657e-36
-0.02391325682401657
0.03157442435622215
0.04292146861553192
0.03048611991107464
0.01817779801785946
0.0390789657831192
0.029051022604107857
0.030321676284074783
0.05523476004600525
0.020680053159594536
0.030552184209227562
0.04412156715989113
0.01806429959833622
0.04539681598544121
0.03394313156604767
0.04025560989975929
0.032722536474466324
0.027924271300435066
0.015551341697573662
-2.5243233577552907e-36
0.03700191155076027
0.5647101402282715
0.18777795135974884
0.25576135516166687
0.18091392517089844
0.10708460211753845
0.23367437720298767
0.1721392571926117
0.18121205270290375
0.33081966638565063
0.12391265481710434
0.18107295036315918
0.26491591334342957
0.10686074197292328
0.2704879939556122
0.2031947374343872
0.24136894941329956
0.19428063929080963
0.16443109512329102
0.09092184901237488
-4.352173794371454e-31
0.2200489044189453
0.16506046056747437
1.0169954680032105e-35
-3.5936400011099365e-37
-1.5764080925114708e-35
1.5750892486908644e-35
5.441913214989615e-36
-1.5579735515873815e-35
-4.2412778208968566e-36
-8.446685988431067e-36
5.214406198751687e-36
1.258858596431555e-35
8.958906001632807e-37
-4.1818032164299445e-36
2.2812324676644433e-36
-1.609208431400962e-35
1.4599246666494884e-36
5.251881538367471e-36
1.161211689092177e-36
-7.459257819373698e-36
3.121759357377306e-36
-1.5316425929233325e-35
-0.05963557958602905
2.6159696225686595e-36
6.897895412487633e-36
-8.373715512085405e-36
4.414871661171534e-36
-1.4331287907861396e-35
1.1424161378104369e-35
-1.1154421871803192e-35
1.226705410804052e-35
-7.898763849900687e-37
-7.949554618994566e-36
1.0977311377743996e-35
4.552748309356483e-36
1.0430476198406424e-35
-5.3840973891720564e-36
-1.3051035622754745e-36
-1.0919224350226846e-36
3.342588211128995e-36
8.10984827591844e-37
-1.0421149873292691e-35
1.062834223206214e-35
-0.00463063083589077
7.292190397777155e-37
-2.161343738557034e-36
-1.4345991631754067e-35
8.717810919287565e-36
-1.4352697057903227e-36
9.34135958890405e-36
-3.199025833661405e-37
-9.177848640389188e-36
9.427187752176644e-36
-5.404434646782169e-36
8.204070956877929e-36
6.677749943971026e-36
5.870674133733712e-36
1.780568839583725e-36
-1.0345721362495176e-35
1.918085499798383e-36
-3.187779752072323e-36
1.5904445741273687e-35
1.846704925479957e-36
-5.9546853173655236e-36
-0.033625274896621704
0.1415775716304779
0.19283899664878845
0.13640880584716797
0.08074228465557098
0.17616625130176544
0.1297958940267563
0.13660810887813568
0.24940785765647888
0.09339483082294464
0.1365332305431366
0.19970060884952545
0.08056557923555374
0.20394562184810638
0.15317760407924652
0.1819543093442917
0.1464882642030716
0.1240023523569107
0.06856390088796616
9.738472058517107e-36
0.16591517627239227
0.18501856923103333
0.10222091525793076
0.1392364650964737
0.09848868101835251
0.05829286575317383
0.12719500064849854
0.0937139019370079
0.09863097965717316
0.18008330464363098
0.06742607057094574
0.09857895970344543
0.14418746531009674
0.05816485732793808
0.1472562998533249
0.1105952039361
0.13137373328208923
0.10576701909303665
0.08953053504228592
0.04949955269694328
8.073950820794261e-36
0.11979523301124573
0.15612202882766724
0.1326792687177658
0.1807185709476471
0.1278378963470459
0.07567193359136581
0.1650865226984024
0.1216416284441948
0.1280164271593094
0.23372270166873932
0.08751919865608215
0.12795588374137878
0.18713714182376862
0.07550270855426788
0.1911277174949646
0.14354239404201508
0.17050734162330627
0.13728384673595428
0.11621904373168945
0.06426136195659637
-8.669824720150573e-36
0.15548920631408691
0.18977822363376617
0.09674708545207977
0.1317705661058426
0.09322713315486908
0.05519828200340271
0.12034492194652557
0.08871510624885559
0.09331978112459183
0.17037388682365417
0.06378330290317535
0.0933200865983963
0.13638842105865479
0.055063050240278244
0.13936178386211395
0.10463038086891174
0.12427788972854614
0.10011523962020874
0.08478929102420807
0.046892181038856506
6.173333436815867e-36
0.11338380724191666
0.21860359609127045
0.1024053618311882
0.13947777450084686
0.09867604821920395
0.05842052400112152
0.12739472091197968
0.09389843791723251
0.09878765046596527
0.18035489320755005
0.06752590090036392
0.09877219051122665
0.14438991248607635
0.05828118696808815
0.14751166105270386
0.11076382547616959
0.13156519830226898
0.10596632957458496
0.08973377197980881
0.04962444677948952
-5.3127347514739736e-36
0.12001290172338486
0.18340608477592468
0.13455621898174286
0.18328411877155304
0.12962938845157623
0.0767093151807785
0.16747026145458221
0.12333742529153824
0.1298660933971405
0.23710978031158447
0.08879751712083817
0.12973973155021667
0.18988165259361267
0.0765569806098938
0.19383764266967773
0.1456276923418045
0.17299681901931763
0.13920938968658447
0.1177927777171135
0.06511763483285904
-3.452988826807175e-36
0.15768173336982727
0.10934195667505264
0.13123078644275665
0.17875364422798157
0.12642836570739746
0.07481794059276581
0.16332383453845978
0.12029317021369934
0.12665000557899475
0.23123802244663239
0.08659549057483673
0.1265375018119812
0.1851731538772583
0.07466638833284378
0.18904700875282288
0.14201971888542175
0.168708935379982
0.13577167689800262
0.11489244550466537
0.06351594626903534
9.776085868841941e-36
0.15378625690937042
0.12207043170928955
-1.6353390738890165e-35
2.4676174500045792e-36
6.795825280761722e-36
-6.29192893559652e-36
-1.6404962109701387e-35
1.0516926403672525e-35
-4.4076058950028465e-36
-4.729396756075634e-36
8.203255199384713e-36
-2.1357002905507457e-36
8.121216685258263e-36
1.2025086947214185e-36
1.1527244570147273e-35
-1.247726125395728e-35
3.0967280862233366e-36
6.268941362964473e-36
1.2506844839354394e-36
-3.8132515861220236e-36
1.4786370458226963e-36
-1.248963608706457e-35
-0.07546816766262054
-1.3339412891888502e-35
5.40479983637236e-36
1.89394836916853e-36
5.104528614922719e-36
2.5230511132743364e-36
1.3445135636981134e-35
-7.452885476264313e-38
-3.696992511507296e-36
-1.0038644269822452e-35
-4.20482307497861e-36
2.417282450433625e-36
-1.3312102235021299e-36
-3.2278598476943695e-36
9.359359346151017e-36
8.02418746131365e-36
-1.3727552746540997e-35
-6.095406713536929e-36
-1.3727400644000485e-35
-1.5503222198277934e-35
5.0707274126180685e-36
-0.0886249765753746
1.003039772925339e-35
1.7468910412270367e-36
-7.066790934429571e-36
9.737573075105498e-36
-1.335676549587348e-35
-8.780807917257506e-36
-1.4110383361571858e-35
-4.343614849533477e-36
3.211006240487344e-36
1.0102869567553506e-35
1.4428488605896492e-35
6.275464553050946e-36
6.543225291395844e-36
-1.1108608873587002e-35
-8.324828177142363e-36
1.1334875034429576e-35
-1.2711675662689435e-35
1.2760034226064755e-35
-1.203307089566142e-35
-7.57426025436717e-36
-0.025677792727947235
0.1448715180158615
0.11512254178524017
-1.223915907608253e-35
0.06680871546268463
0.03303854912519455
1.8073829749265835e-35
0.039837293326854706
0.16063711047172546
1.2439258577703402e-35
4.1433908677674234e-36
1.2250049973845714e-32
0.12171374261379242
0.08766727894544601
0.11435975134372711
0.08497710525989532
0.09015659987926483
0.11378610879182816
0.11128342896699905
6.183500630691296e-36
7.906638026231421e-36
0.45937812328338623
1.2949312923364885e-35
-5.536724755194976e-36
-1.7626412951702611e-35
8.921543662725186e-36
1.9174344722264005e-35
8.729589539134641e-36
1.1373994085933625e-35
9.119406826521647e-36
1.2126654853570482e-35
-2.441222816338311e-35
-1.534050261345262e-35
1.5404649707518977e-35
1.7987151390188966e-35
-8.32501400052912e-36
8.833470552050417e-36
5.4201898153593675e-36
-1.341939156453472e-35
1.7639257006798083e-35
-4.0495184890032405e-36
-9.890510027195544e-36
-0.04833229258656502
0.023456711322069168
0.018737168982625008
1.4015616304184948e-35
0.011034296825528145
0.005429024808108807
-1.3553711022173174e-35
0.006424271501600742
0.025888286530971527
-1.7033231697792244e-36
-1.2472161514061257e-35
-5.627774627381928e-36
0.019805951043963432
0.014422740787267685
0.018622206524014473
0.01391391921788454
0.014539416879415512
0.018594864755868912
0.018177691847085953
-1.1146355414902377e-35
-1.0107180096154422e-35
0.7248855233192444
-5.624811819870956e-05
-3.200310675310902e-05
1.688737684087857e-35
7.377687325060833e-06
-8.736245035834145e-06
4.4854511860254257e-36
-1.0138122888747603e-05
0.0001091245430870913
-7.959823692873545e-36
-8.580248520691031e-36
-6.69432553356273e-36
-4.931412695441395e-05
8.491481275996193e-05
1.4551988897437695e-05
1.8403057765681297e-05
9.787835733732209e-05
5.081593553768471e-05
8.713113493286073e-05
-8.56850720901427e-36
9.806434630462903e-36
-0.002870529657229781
0.13163864612579346
0.10469038784503937
-1.6090357376202962e-36
0.060943882912397385
0.03006657585501671
1.5012698679775926e-35
0.0362243577837944
0.1457718461751938
9.878282991839883e-36
-2.8475965011332533e-36
9.224114358902845e-36
0.11063439399003983
0.07986380159854889
0.10398858040571213
0.07736268639564514
0.08135229349136353
0.10344893485307693
0.1012115553021431
-9.331025943191835e-36
6.488592498224418e-36
0.5904185175895691
-3.290751252062884e-33
-8.827420377906062e-33
-7.054294849768761e-36
4.126540959808977e-33
3.6048951378224325e-33
-1.1563780030857065e-35
-4.393072181572438e-33
-7.021791994749918e-33
-9.12668335466254e-36
-6.248768404796706e-36
1.3974254457673165e-35
-4.5519222433288233e-33
-1.4552559451752455e-33
1.0446957719751469e-32
5.3805763330234406e-33
-3.5095899129486e-34
5.31281496117029e-33
8.086797958118572e-33
-1.297940483258253e-35
-1.006431803071712e-35
-0.001202154322527349
0.13329768180847168
0.10590056329965591
5.3314781610003755e-36
0.06155528500676155
0.030409302562475204
1.823392341287288e-35
0.03661604970693588
0.14765752851963043
1.0943071804438154e-35
6.23570365752453e-34
-4.7275175027890505e-23
0.11198010295629501
0.0807371512055397
0.10522766411304474
0.07829927653074265
0.0828949362039566
0.1047065481543541
0.10244180262088776
9.606776369702479e-36
-9.851065246666059e-36
0.44834232330322266
-6.28471626182405e-36
-1.5821588599794767e-35
7.964322914720473e-36
5.286442894642273e-36
-1.505130402647334e-35
-1.0646426650157126e-35
5.608171336276266e-37
-1.0617833524935373e-35
-3.1984638793460475e-36
1.3157839766687878e-35
1.4045491539028845e-35
1.017083572682337e-35
-7.278233554755581e-36
-3.395112733945263e-36
1.0621692050703636e-35
-7.800079434630788e-36
-4.247759756756539e-36
-1.4810461133010127e-35
-1.2585153612646645e-35
-1.2786382403884334e-35
-0.00090563710546121
0.004049881361424923
0.0034691421315073967
-1.9615981623287785e-35
0.0022060973569750786
0.0018221846548840404
-1.1462274543939563e-35
0.0026246460620313883
0.004381850361824036
-1.4958124001254412e-35
1.1617722622877679e-35
-1.6829071345325637e-35
0.0034985789097845554
0.0026506884023547173
0.003390523139387369
0.0027504870668053627
0.002866648370400071
0.0031196202617138624
0.003181767649948597
9.424591964480554e-36
-5.78622099177664e-36
-0.03051254339516163
-1.7121415298048328e-35
-1.0698122142381124e-35
-7.289774693749311e-36
-1.094130540606674e-35
-1.7051326160394623e-35
1.1035014202853391e-35
-8.682065028605287e-37
-3.8928474912901144e-38
-1.371830032030308e-35
4.388709665471119e-36
9.130021000976032e-36
1.8183354770885333e-34
-7.524696350104777e-36
2.8333399371857423e-36
5.905000161549609e-36
3.4816332507631104e-36
2.934009936327651e-36
1.8711018859921037e-35
9.151659739758259e-36
1.0248086598247771e-35
-0.027542147785425186
0.10707055032253265
0.08525106310844421
1.2259213652556032e-35
0.04976625367999077
0.024513516575098038
1.3336764011796195e-35
0.029431354254484177
0.1184978261590004
7.029584644118938e-36
-7.53010746972996e-36
3.7875742379032865e-36
0.09010209888219833
0.06517196446657181
0.0847168117761612
0.06302114576101303
0.06605637818574905
0.08426558971405029
0.0824492797255516
1.0008645631030593e-35
8.940425901693045e-36
0.6616232991218567
0.1278446912765503
0.10177677869796753
-3.8353487849202265e-36
0.05933644622564316
0.029267320409417152
-1.4925476482370246e-35
0.035229653120040894
0.14159120619297028
-1.498052755752808e-35
1.2975514738362462e-35
-4.3566422168888576e-36
0.10756014287471771
0.07772266119718552
0.10109885782003403
0.07518751919269562
0.07881399244070053
0.1005481705069542
0.0983704999089241
4.893342129535212e-36
8.942377405986403e-36
0.7044836282730103
0.11300424486398697
0.08994610607624054
-1.421772757714353e-35
0.05239417403936386
0.025817478075623512
1.2088686615627662e-35
0.03103078156709671
0.12513494491577148
9.494480211986412e-36
8.970187777096372e-36
1.0834314900648239e-35
0.0949995219707489
0.06862509995698929
0.08934670686721802
0.06641298532485962
0.06994132697582245
0.08893266320228577
0.08694642782211304
8.437593556846612e-36
1.427365395937412e-35
0.5004304647445679
-0.7878310084342957
-0.6170560717582703
-1.2238963925653195e-35
-0.3507767915725708
-0.13189318776130676
8.830150842357269e-36
-0.12988831102848053
-0.8737040162086487
1.0662807089319494e-35
7.505516363239217e-36
-1.0949980990594415e-35
-0.6576922535896301
-0.4749630093574524
-0.6159228682518005
-0.44689610600471497
-0.473933607339859
-0.6278103590011597
-0.6118138432502747
1.0537463116500856e-35
1.3455764160731794e-35
5.260976314544678
0.19928617775440216
0.15852056443691254
-1.0349889833062973e-35
0.09217524528503418
0.045595332980155945
-1.3260147379267136e-35
0.05546540766954422
0.2209295928478241
7.4761885540482e-36
-1.4700673232282876e-35
-1.7346970451260491e-35
0.16751497983932495
0.12074357271194458
0.15734639763832092
0.116928830742836
0.12211036682128906
0.15620605647563934
0.15285661816596985
9.429761298463509e-36
1.646917377560098e-35
1.2195661067962646
1.2195317671174482e-35
-2.7401695977417984e-36
-1.1537218765987808e-35
1.3610471098517323e-35
-1.0209318387037637e-35
1.2094437813574557e-35
-7.410474516828647e-36
-1.8470467974637012e-36
8.751609969197774e-36
-1.3499104775199856e-35
1.0551251355291202e-35
1.1104977066699879e-35
8.745369460247913e-36
1.3002863062132386e-35
1.1197922480924717e-35
-1.3602246081892673e-35
1.719493535244131e-35
1.9952354956699722e-35
-8.311363514983012e-36
1.1567232471540755e-35
-0.045169588178396225
-0.011839261278510094
-0.00928642600774765
-1.7192023880227176e-35
-0.005307481158524752
-0.0020703717600554228
-1.0112556060003733e-35
-0.002098505385220051
-0.013125153258442879
3.39430809715666e-36
8.421360915435873e-36
-1.0128799463386677e-35
-0.009891348890960217
-0.007151661440730095
-0.009271561168134212
-0.00675191031768918
-0.007145645096898079
-0.009426675736904144
-0.009190097451210022
-1.2921912942128372e-35
-8.654925128363753e-36
0.07891763001680374
0.0563657321035862
0.04496629536151886
8.494607615734822e-36
0.026358161121606827
0.01295713521540165
-8.820935724289665e-36
0.015441551804542542
0.06233222782611847
-2.0049188312750186e-35
1.2176095353884913e-36
-1.387598760692486e-35
0.04752059280872345
0.03448351472616196
0.04467809200286865
0.03329860046505928
0.03480830416083336
0.044524434953927994
0.04356588050723076
1.0030427145310753e-35
-5.954344521579e-36
0.822637140750885
0.11338230967521667
0.09034670889377594
-3.69360033786796e-36
0.052739959210157394
0.025982685387134552
-1.0667530877653121e-35
0.03121880628168583
0.12554475665092468
8.927202307711108e-36
1.3455996619331444e-35
-1.9358614080234642e-35
0.09547066688537598
0.06906089186668396
0.0897180363535881
0.0667879730463028
0.06986265629529953
0.08930890262126923
0.08735592663288116
1.2150510558627148e-35
6.72931772745818e-36
0.7403814792633057
-3.7159034302303187e-17
0.8192633986473083
-4.817204404769321e-36
0.13834825158119202
-0.00357490754686296
0.7497314214706421
-2.1328936782083474e-05
0.7557598352432251
-1.5724281876572377e-09
-0.011809713207185268
-3.788711637753295e-07
0.6149014830589294
0.7311092019081116
0.6454359292984009
-4.262545585632324
1.1274535655975342
-1.598306903494162e-11
-0.06243228539824486
0.32814937829971313
0.6515527367591858
0.322892963886261
10
1
