4
1
3
20
20
20
0.00013016788579989225
2.7411573682911694e-05
-6.0829876019852236e-05
-0.00010628328163875267
0.0654868632555008
1.197940764541272e-05
2.1729099444200983e-06
-7.520798135374207e-06
-1.4738609934283886e-05
-0.05838869884610176
0.000433136970968917
8.884085400495678e-05
-0.0002886360452976078
-0.0005169096402823925
0.05864698812365532
0.27558600902557373
0.058319032192230225
-0.16674377024173737
-0.30087199807167053
0.4585649371147156
9.685158147476614e-05
2.1960777303320356e-05
-6.393602234311402e-05
-8.905374124879017e-05
0.06780420988798141
4.934714070259361e-06
-1.4110497659203247e-07
-2.9015818654443137e-06
-1.3285554814501666e-05
-0.029762014746665955
-0.27655065059661865
-0.05869010090827942
0.1674319952726364
0.3023311495780945
-0.45970237255096436
0.27667418122291565
0.05862119793891907
-0.16745588183403015
-0.3024238646030426
0.4598616361618042
3.2537468541704584e-06
6.232293969787861e-08
-2.290469637955539e-06
-4.087448360223789e-06
-0.03603135794401169
-0.27618828415870667
-0.05844053626060486
0.16716498136520386
0.30218297243118286
-0.4594596028327942
-0.2742703855037689
-0.05804184824228287
0.16607767343521118
0.2998104691505432
-0.45744386315345764
1.0099812186581403e-07
-2.1457603338603803e-07
-1.4195124720117747e-07
-6.041993856342742e-07
-0.040572505444288254
-0.2759974002838135
-0.05837494879961014
0.16716986894607544
0.3020097613334656
-0.45933228731155396
5.233179035712965e-05
1.59534811245976e-05
-2.3630389478057623e-05
-4.395491851028055e-05
0.1049383133649826
0.00010897401807596907
2.799020876409486e-05
-7.157247455324978e-05
-0.00012342690024524927
0.07012348622083664
-0.2755664885044098
-0.058655813336372375
0.16714194416999817
0.3017627000808716
-0.45911282300949097
2.2196158170117997e-05
5.285322458803421e-06
-1.2005201824649703e-05
-3.0485452953143977e-05
0.07338133454322815
0.00015051713853608817
3.463607936282642e-05
-0.00011379471106920391
-0.00018629763508215547
0.07735839486122131
0.2726878225803375
0.0579603910446167
-0.16525360941886902
-0.29950302839279175
0.4564233422279358
6.8598706093325745e-06
1.3335570656636264e-06
-4.05086757382378e-06
-4.2327465052949265e-06
-0.04005667567253113
-8.466076906188391e-07
1.698759660939686e-05
3.402110451133922e-05
0.03143173083662987
-1.407821400789544e-05
3.520002792356536e-06
-0.03156460449099541
0.031565889716148376
3.825522526312852e-06
-0.03158868849277496
-0.031336959451436996
6.478906925622141e-06
-0.03150368854403496
-1.8538861695560627e-05
-3.458791979937814e-06
-0.03147449716925621
-3.729596937773749e-05
-1.4406728951144032e-05
0.031224120408296585
8.332639481523074e-06
0.0006662726518698037
-4.7123394324444234e-06
1.7831958757597022e-05
3.332913183839992e-05
0.031059162691235542
-9.093344488064758e-06
6.75768569635693e-06
-0.031218992546200752
0.03125280886888504
8.497752787661739e-06
-0.031213149428367615
-0.030946651473641396
1.8126289432984777e-05
-0.031157299876213074
-2.6314241040381603e-05
-1.4072218618821353e-05
-0.03115457110106945
-3.1949253752827644e-05
-9.438738925382495e-05
0.030870776623487473
5.436991159513127e-06
0.0006896703853271902
8.433647963101976e-06
-1.0756575647974387e-05
-2.9955757781863213e-05
-0.02948053367435932
3.629912498581689e-06
-9.82717210717965e-06
0.029625283554196358
-0.029614079743623734
-4.002664718427695e-05
0.029559768736362457
0.029358547180891037
-9.973582564271055e-06
0.029583677649497986
1.61028638103744e-05
4.570253622659948e-06
0.029522910714149475
1.6872554624569602e-05
0.00010375741840107366
-0.029238881543278694
-5.132902970217401e-06
-0.0008002243121154606
7.625638318131678e-06
-1.875002999440767e-05
-3.214516618754715e-05
-0.0324583500623703
4.5887027226854116e-06
-5.5049276852514595e-06
0.03259409964084625
-0.032608333975076675
-1.343734038528055e-05
0.03257398307323456
0.03235325962305069
-1.0661342457751743e-05
0.032560985535383224
2.6359815819887444e-05
6.653585842286702e-06
0.03256900608539581
7.668040780117735e-06
-3.228519744880032e-06
-0.032214537262916565
-1.2926165254611988e-05
-0.0005663764895871282
2.4620803742436692e-05
-3.163923975080252e-05
-4.247386095812544e-05
-0.03225593641400337
1.204017098643817e-05
-4.35125411968329e-06
0.03241986408829689
-0.03238824009895325
-8.609931683167815e-06
0.032441526651382446
0.03214947506785393
-1.2989439710509032e-05
0.03233565762639046
4.6766399464104325e-06
3.425180693739094e-06
0.03231789171695709
3.088090306846425e-05
-2.223280716862064e-06
-0.03203194960951805
-3.022636292371317e-06
-0.0006090824608691037
1.7506399672129191e-06
-5.753327423008159e-05
-2.6995501684723422e-05
-0.02021871507167816
5.547576620301697e-06
-2.009916443057591e-06
0.020342445001006126
-0.020346200093626976
-2.102000735249021e-06
0.020347973331809044
0.020200466737151146
-1.0527828635531478e-05
0.020308516919612885
3.5729385672311764e-06
2.8641779863392003e-06
0.020305689424276352
3.1412846510647796e-06
7.394452040898614e-06
-0.020124921575188637
-2.4624641810078174e-06
-0.0009626027313061059
4.9893988034455106e-06
-1.5220077330013737e-05
-4.1442377550993115e-05
-0.03179183602333069
9.824620974541176e-06
-8.591766345489305e-06
0.031968627125024796
-0.031945303082466125
-8.741430065128952e-06
0.03195379674434662
0.03168236091732979
-1.8306584024685435e-05
0.0319318063557148
3.047420977964066e-05
2.1173733330215327e-05
0.031908679753541946
1.486533619754482e-05
1.663803050178103e-05
-0.03161405026912689
-1.098457596526714e-05
-0.0006382702267728746
-7.673781510675326e-06
1.3176821994420607e-05
3.282575198682025e-05
0.03189214691519737
-7.172539881139528e-06
6.459333690145286e-06
-0.0320267453789711
0.03205646201968193
1.772321411408484e-05
-0.03200913593173027
-0.03175768256187439
1.166981292044511e-05
-0.031953364610672
-1.4893023035256192e-05
-1.7913553165271878e-06
-0.03191596642136574
-1.0633371857693419e-05
-9.486544513492845e-06
0.03166867792606354
9.967756341211498e-06
0.0006201182259246707
2.900398612837307e-06
-4.909331619273871e-05
-3.232547169318423e-05
-0.031002279371023178
3.402994479984045e-06
-8.376360710826702e-06
0.03113754466176033
-0.031149284914135933
-7.918155461084098e-06
0.031107453629374504
0.030876178294420242
-1.894105298561044e-05
0.031073955819010735
2.9035105399088934e-05
1.4379756976268254e-06
0.03103962354362011
1.475054887123406e-07
3.565923179849051e-06
-0.030796850100159645
-1.5243734196701553e-05
-0.0006777989328838885
5.859070370206609e-06
-0.00010015534644480795
-3.722401743289083e-05
-0.03216724842786789
-5.243973646429367e-07
-2.361670112804859e-06
0.03231896460056305
-0.03232063353061676
-9.237066478817724e-06
0.03231089189648628
0.03205745667219162
-1.9800463633146137e-05
0.0322490856051445
1.8796787117025815e-05
1.6174493794096634e-05
0.03225238621234894
7.681199349462986e-06
1.7019927327055484e-05
-0.031983911991119385
-8.91497347765835e-06
-0.0006070861127227545
2.089802364935167e-06
-1.842027086240705e-05
-1.4779138837184291e-05
-0.012811667285859585
2.446720827720128e-06
-4.542212536762236e-06
0.01294271182268858
-0.012938311323523521
-6.072415089874994e-06
0.01294128317385912
0.012783296406269073
-4.505646757024806e-06
0.012873442843556404
6.001136625854997e-06
3.016768278030213e-05
0.012909959070384502
4.703552622231655e-05
3.701295099745039e-06
-0.012731431052088737
-4.645787157642189e-06
-0.00038855717866681516
1.8663185983314179e-06
-8.86109410203062e-06
-2.1206895326031372e-05
-0.020616061985492706
7.711627404205501e-06
-6.451155059039593e-06
0.020702287554740906
-0.020721256732940674
-6.6130351115134545e-06
0.020669197663664818
0.02049414813518524
-7.32051785234944e-06
0.020670922473073006
1.4730529073858634e-05
1.175720080937026e-05
0.020621780306100845
1.3676528396899812e-05
1.1436301974754315e-05
-0.020465156063437462
-8.221350071835332e-06
-0.0007170315366238356
-7.849105259083444e-07
-2.368666855545598e-06
-7.207238923001569e-06
-0.005055687855929136
5.354040695237927e-07
-4.1543262341292575e-07
0.0051280842162668705
-0.005126408766955137
-8.676694847054023e-07
0.0051320199854671955
0.005090740043669939
-1.466179924136668e-06
0.005110953934490681
2.355281822019606e-06
-4.407131655170815e-07
0.0051070889458060265
2.1418854885268956e-06
1.7523334463476203e-06
-0.00507623003795743
-3.0789269089837035e-07
0.010961901396512985
-2.395499222984654e-06
4.807920504390495e-06
8.120515303744469e-06
0.008045309223234653
-3.3681278637232026e-06
2.5277222448494285e-06
-0.008058481849730015
0.008059175685048103
4.097786586498842e-06
-0.008032101206481457
-0.007977181114256382
2.6509148938202998e-06
-0.00806250236928463
-1.5544870620942675e-05
-2.253762067994103e-05
-0.008066191338002682
-8.637855353299528e-05
-6.067635695217177e-06
0.007978664711117744
5.899095867789583e-06
0.0004882400971837342
2.6608402549754828e-05
-1.9512268409016542e-05
-4.245871605235152e-05
-0.03222145885229111
2.63335277850274e-06
-4.777130470756674e-06
0.03237627074122429
-0.03237731754779816
-9.561503247823566e-06
0.03236633539199829
0.03211669623851776
-1.736882950353902e-05
0.03231186047196388
2.0157309336354956e-05
-4.865523806074634e-07
0.03227490559220314
2.8349819331197068e-05
6.357598977047019e-06
-0.032043132930994034
-9.039985343406443e-06
-0.0005994083476252854
-1.3981491520098643e-09
-6.073329359423951e-07
-1.2080846545359236e-06
-0.001244863262400031
4.3247257508483017e-07
-6.275280952650064e-07
0.0012552575208246708
-0.0012499504955485463
-2.3677543481426255e-07
0.0012536528520286083
0.0012390529736876488
-3.8095703303042683e-07
0.0011883089318871498
6.639245384576498e-07
-9.001178113976493e-08
0.0012464949395507574
5.060726380179403e-07
-5.91801835980732e-06
-0.0012328930897638202
-3.4887926858573337e-07
0.0033667837269604206
-4.436544259078801e-06
1.1349955457262695e-05
1.099782639357727e-05
0.00972669292241335
-2.3706877982476726e-05
1.0029959867097205e-06
-0.009767246432602406
0.009772826917469501
3.666145630631945e-06
-0.009767213836312294
-0.0096872728317976
2.652346665854566e-06
-0.009744060225784779
-6.322286935755983e-06
-2.333830707357265e-06
-0.009727695025503635
-3.9213527998072095e-06
-2.3226107259688433e-06
0.00965849682688713
2.371802111156285e-06
0.002862033201381564
3.224802640033886e-06
-3.349479447933845e-05
-3.709851444000378e-05
-0.032507531344890594
4.019493644591421e-06
-7.687575816817116e-06
0.03270404040813446
-0.032669518142938614
-2.14973133552121e-05
0.03266791254281998
0.03238491714000702
-2.3416580006596632e-05
0.03259272128343582
4.1557635995559394e-05
4.3814598029712215e-06
0.03255610167980194
1.7298085367656313e-05
1.4783636288484558e-06
-0.03231070190668106
-1.6366080672014505e-05
-0.00056811748072505
-3.238063186472573e-07
3.9649887639825465e-07
6.905612508489867e-07
0.0005954339867457747
-2.96361577056814e-07
6.857885637145955e-08
-0.0006003075977787375
0.0005983920418657362
1.752876102045775e-07
-0.000599713297560811
-0.0005951769417151809
2.345213943044655e-07
-0.0005994702223688364
-4.6146757881615486e-07
-6.306908062470029e-08
-0.0005980293499305844
-2.827462139975978e-07
-2.5062846020773577e-07
0.0005931301857344806
1.8124801215435582e-07
0.01823817379772663
7.66882294556126e-06
-1.3795033737551421e-05
-2.7337122446624562e-05
-0.028921209275722504
5.946154851699248e-05
-1.5523637557635084e-06
0.029034851118922234
-0.029069064185023308
-1.0353242032579146e-05
0.029040994122624397
0.028812596574425697
-8.304226867039688e-06
0.028985047712922096
3.486100467853248e-06
2.3679000150877982e-05
0.028951996937394142
8.621293818578124e-05
3.607501639635302e-07
-0.028694232925772667
-1.5612975403200835e-05
-0.0008329558186233044
0.033844854682683945
0.03342333808541298
-0.03173714131116867
-0.034915924072265625
-0.034720681607723236
-0.021705197170376778
-0.03424804285168648
0.034315355122089386
-0.03336808457970619
-0.03463965654373169
-0.013810726813971996
-0.022174116224050522
-0.005465437192469835
0.008649504743516445
-0.0346980020403862
-0.0013447180390357971
0.010418969206511974
-0.03500634431838989
0.000613885058555752
-0.03113504871726036
0.0013117046328261495
0.08595659583806992
0.08499926328659058
-0.08061553537845612
-0.08876466006040573
-0.08818475902080536
-0.05519307777285576
-0.0869818702340126
0.0871906578540802
-0.08479127287864685
-0.08798369765281677
-0.035011664032936096
-0.056253619492053986
-0.013926712796092033
0.02190232276916504
-0.08813251554965973
-0.003398134373128414
0.026556549593806267
-0.08892296999692917
0.001616086345165968
-0.0790984109044075
7.523581007262692e-05
0.08644962310791016
0.08548854291439056
-0.08108332753181458
-0.08927176147699356
-0.08870681375265121
-0.05557417497038841
-0.08749690651893616
0.08768971264362335
-0.08528381586074829
-0.08847717195749283
-0.03538412228226662
-0.05635139346122742
-0.013978461734950542
0.022068249061703682
-0.08864440768957138
-0.00342968525364995
0.026708757504820824
-0.08942510187625885
0.001628601923584938
-0.07953067123889923
4.9998438043985516e-05
0.055079828947782516
0.0546749047935009
-0.05186191573739052
-0.05703183636069298
-0.056677404791116714
-0.03562787175178528
-0.05595984682440758
0.05601270869374275
-0.05435582250356674
-0.05659736692905426
-0.022641940042376518
-0.0362389050424099
-0.008986483328044415
0.014063047245144844
-0.056653331965208054
-0.0021843821741640568
0.017042163759469986
-0.05720249190926552
0.001036923029460013
-0.050833605229854584
0.0009288988658227026
-0.06697221845388412
-0.06619442999362946
0.06279037147760391
0.06915797293186188
0.06867245584726334
0.0430162288248539
0.0677659660577774
-0.06794842332601547
0.06607658416032791
0.06851395219564438
0.027421457692980766
0.04386688768863678
0.010856612585484982
-0.01710885390639305
0.06868693977594376
0.002659434452652931
-0.020627202466130257
0.06929978728294373
-0.0012405604356899858
0.06162913143634796
-0.0007675669621676207
-0.07536723464727402
-0.07450254261493683
0.07067789882421494
0.07783391326665878
0.07733380794525146
0.04842628166079521
0.07626810669898987
-0.0764259546995163
0.07433976978063583
0.07714636623859406
0.030846526846289635
0.04933202639222145
0.012168589979410172
-0.019223490729928017
0.07728169858455658
0.0029879349749535322
-0.023289352655410767
0.07797237485647202
-0.0014180178986862302
0.06931684911251068
-0.0005090945633128285
-0.03048400953412056
-0.03014322742819786
0.02851465344429016
0.0314805805683136
0.03125911206007004
0.019581953063607216
0.030717704445123672
-0.03090374357998371
0.03007238544523716
0.031154178082942963
0.012453828938305378
0.01997588761150837
0.0049395933747291565
-0.007771550677716732
0.03125140815973282
0.0012126420624554157
-0.009416276589035988
0.031537529081106186
-0.0005736516322940588
0.028043869882822037
-0.0013376149581745267
0.024854401126503944
0.024513045325875282
-0.023298554122447968
-0.02571745403110981
-0.02555122599005699
-0.01603041961789131
-0.02520143613219261
0.025197507813572884
-0.02454913966357708
-0.025492751970887184
-0.010189095512032509
-0.016320746392011642
-0.004035607445985079
0.006369526498019695
-0.025495029985904694
-0.000985572929494083
0.007680349051952362
-0.02576233074069023
0.0004573963233269751
-0.022903170436620712
0.0012746457941830158
-0.03621303290128708
-0.035792332142591476
0.03396523743867874
0.037400104105472565
0.03716084733605385
0.023286854848265648
0.03666888177394867
-0.03675233572721481
0.03573997691273689
0.03707731142640114
0.014816616661846638
0.02371037006378174
0.00588061660528183
-0.009264937601983547
0.03715147450566292
0.001436008489690721
-0.011175703257322311
0.03747960180044174
-0.0006818345282226801
0.033301908522844315
-0.0012948841322213411
-0.006357540376484394
-0.006293999496847391
0.005965071730315685
0.006579583045095205
0.006525290664285421
0.004104433581233025
0.006433785427361727
-0.006440818775445223
0.006283883936703205
0.0065218610689044
0.0025989257264882326
0.00415776576846838
0.0010287073673680425
-0.0016303943702951074
0.006529434118419886
0.00025332579389214516
-0.0019619257654994726
0.00658039003610611
-0.00012018111010547727
0.00586438924074173
0.006976522039622068
-0.05678081884980202
-0.056095320731401443
0.05326706916093826
0.05865031108260155
0.0582035556435585
0.036540769040584564
0.05740832909941673
-0.05758347734808922
0.05598600208759308
0.05813092738389969
0.02327159233391285
0.037202801555395126
0.009172584861516953
-0.014481524005532265
0.05820575729012489
0.0022561417426913977
-0.017508044838905334
0.05875368416309357
-0.0010697011603042483
0.05225671827793121
-0.0009914144175127149
0.03965853154659271
0.03926485404372215
-0.03722953423857689
-0.04100918397307396
-0.04071933031082153
-0.02553386799991131
-0.04018203169107437
0.04027869552373886
-0.03913610056042671
-0.04064547270536423
-0.016252508386969566
-0.025967465713620186
-0.0064279609359800816
0.010151157155632973
-0.040707316249608994
-0.0015776483342051506
0.01225156057626009
-0.04108055680990219
0.0007433161372318864
-0.03652195632457733
0.0012178798206150532
0.03037518635392189
0.030025459825992584
-0.02844451181590557
-0.031340282410383224
-0.031087389215826988
-0.01955430768430233
-0.030745288357138634
0.03081606887280941
-0.029919125139713287
-0.031092165037989616
-0.01235490944236517
-0.01989133283495903
-0.004931166302412748
0.007774718571454287
-0.031115848571062088
-0.001202858635224402
0.00934887956827879
-0.03137724846601486
0.0005718779284507036
-0.027961328625679016
0.0013473143335431814
0.04867257922887802
0.048063281923532486
-0.045668404549360275
-0.05029140040278435
-0.04987458512187004
-0.031300850212574005
-0.049244705587625504
0.049402203410863876
-0.04801145941019058
-0.049849532544612885
-0.019902223721146584
-0.03176071122288704
-0.007862167432904243
0.012455988675355911
-0.04993735998868942
-0.0019344012252986431
0.014990421012043953
-0.05038346350193024
0.0009161609341390431
-0.04480689391493797
0.0011062673293054104
0.04133937135338783
0.04082110896706581
-0.03869004175066948
-0.04271240904927254
-0.04243939742445946
-0.026524757966399193
-0.04186457395553589
0.04195461422204971
-0.040779780596494675
-0.04234101250767708
-0.01689138263463974
-0.027099981904029846
-0.006716687232255936
0.010556119494140148
-0.04240521788597107
-0.0016436086734756827
0.012785784900188446
-0.04279400035738945
0.0007587647414766252
-0.03801082819700241
0.001200831844471395
0.00384879345074296
0.0038022634107619524
-0.0036096053663641214
-0.003973642364144325
-0.003948218189179897
-0.0024797404184937477
-0.003887217491865158
0.003902992233633995
-0.0037928172387182713
-0.003939660731703043
-0.0015781866386532784
-0.002512825420126319
-0.000625750282779336
0.0009830609196797013
-0.003946391865611076
-0.0001529448782093823
0.0011869409354403615
-0.003980977926403284
7.213803473860025e-05
-0.003536331234499812
0.01391314622014761
-0.07056794315576553
-0.0697736069560051
0.0661657527089119
0.07287216186523438
0.07240208983421326
0.045319266617298126
0.07141373306512833
-0.07158084213733673
0.0696103423833847
0.07223010808229446
0.028884122148156166
0.04612959921360016
0.011426467448472977
-0.01796615496277809
0.07235786318778992
0.0027923546731472015
-0.02163734659552574
0.07300248742103577
-0.0013261489802971482
0.06490257382392883
-0.0006666242843493819
-0.01007261872291565
-0.009961272589862347
0.009422183968126774
0.010357098653912544
0.010335410013794899
0.0064781224355101585
0.010187694802880287
-0.010219039395451546
0.009935094974935055
0.010311461053788662
0.004128853790462017
0.006590753328055143
0.0016255539376288652
-0.0025764242745935917
0.010321198031306267
0.0003977913875132799
-0.003112650942057371
0.010420129634439945
-0.00018992128025274724
0.009267820976674557
0.0034529019612818956
-0.03686510771512985
-0.03639809414744377
0.034487683326005936
0.03806839510798454
0.03782385587692261
0.023692529648542404
0.03728615865111351
-0.03738158941268921
0.03636686131358147
0.03772831708192825
0.015062293969094753
0.024134738370776176
0.005955192726105452
-0.009408287703990936
0.037778183817863464
0.0014635074185207486
-0.01139791775494814
0.0380602702498436
-0.0006919535808265209
0.033937156200408936
-0.001245361752808094
-0.0031263590790331364
-0.0030912908259779215
0.002931424882262945
0.0032285675406455994
0.0032079590018838644
0.002013667719438672
0.003163547022268176
-0.0031714262440800667
0.003082370851188898
0.0031935740262269974
0.0012801912380382419
0.0020481813699007034
0.0005055791116319597
-0.0007996925851330161
0.003205682383850217
0.00012340964167378843
-0.0009663887904025614
0.0032342527993023396
-5.881803735974245e-05
0.0028734318912029266
0.022412987425923347
0.07029848545789719
0.17920465767383575
0.18024103343486786
0.1150725707411766
-0.13938063383102417
-0.15694871544837952
-0.06334727257490158
0.05174490436911583
-0.07523895800113678
-0.01322905346751213
-0.11810242384672165
0.08252410590648651
0.06310715526342392
0.1012430340051651
0.08595746755599976
0.007989846169948578
-0.1468767523765564
-0.02091008797287941
-0.07660552859306335
-0.006494384724646807
-0.15303868055343628
0
11
