2
1
2
20
20
-0.008515186607837677
-0.0036180936731398106
1.0031992197036743
-0.00629529170691967
-0.0026950244791805744
0.6828595399856567
-0.004396427888423204
-0.0018980978056788445
0.5157213807106018
-0.006079925689846277
-0.0025823081377893686
0.39437732100486755
-0.010241345502436161
-0.004298047628253698
1.1394989490509033
-0.008116742596030235
-0.0034270265605300665
0.48442310094833374
-0.007235812488943338
-0.003071882063522935
0.5034781694412231
-0.003699067747220397
-0.0015585545916110277
0.39129483699798584
0.21831822395324707
0.09753799438476562
0.11622031778097153
-0.008065990172326565
-0.0034084105864167213
0.4676245152950287
0.2097492516040802
0.09371528029441833
0.1116390973329544
-0.002435325877740979
-0.0010558959329500794
0.28340986371040344
-0.005413128063082695
-0.00232771597802639
0.5994397401809692
-0.015799298882484436
-0.0064963046461343765
1.7653347253799438
-0.0
1.2595082473679262e-37
-0.06900296360254288
0.1465093195438385
0.0654948502779007
0.0778689906001091
1.1352421084864957e-37
-5.822715287942744e-37
-3.712098184394108e-09
-0.00563861383125186
-0.002402893966063857
0.5538514256477356
-0.0033902148716151714
-0.0014500119723379612
0.3948667049407959
-0.011184700764715672
-0.004672136623412371
1.141924500465393
-0.019830450415611267
-0.014767694287002087
-0.010371170938014984
-0.014396628364920616
-0.023783473297953606
-0.019161365926265717
-0.017069203779101372
-0.00878315418958664
0.5143130421638489
-0.019031114876270294
0.4940681457519531
-0.005739253479987383
-0.012707490473985672
-0.036413874477148056
7.051348078285791e-35
0.3450234532356262
-1.575499925550246e-35
-0.013253703713417053
-0.008011403493583202
-0.026031769812107086
0.20892030000686646
2.840372575338775e-23
7.923558510702922e-12
4.024754433808869e-13
3.0677821394320404e-10
4.1267597463991367e-35
5.472453995025717e-05
1.2777051985879417e-11
-2.1711620532538516e-22
-6.217982276625292e-35
-3.213886622110973e-12
-5.437243953981832e-35
4.9794177661128e-22
-1.1817575597962784e-21
-8.705051094561226e-35
7.543504833689784e-35
1.2970304508885123e-35
6.229178745522504e-35
5.427891469622637e-10
-2.336046937487235e-13
4.973470680581019e-35
-0.12500996887683868
0.06041570007801056
0.04436762258410454
0.031224282458424568
0.042153168469667435
0.07228949666023254
0.05689341202378273
0.05015815049409866
0.026186199858784676
-1.4235488176345825
0.05622176453471184
-1.3679722547531128
0.017096292227506638
0.038159020245075226
0.11221574246883392
2.6909209706820576e-16
-0.9550477266311646
-1.2744298787769934e-35
0.03945242241024971
0.024025054648518562
0.07859804481267929
0.33643460273742676
0.0883355513215065
0.06509210914373398
0.045679863542318344
0.061314087361097336
0.10591556876897812
0.08047425001859665
0.07304444164037704
0.03820020332932472
-2.0743253231048584
0.08011966943740845
-1.9929510354995728
0.02494402974843979
0.05594971776008606
0.163656085729599
-7.45192934678029e-35
-1.3923373222351074
5.006129104930354e-35
0.05794813856482506
0.035132016986608505
0.11507745087146759
0.954796314239502
0.07079539448022842
0.052059024572372437
0.036623161286115646
0.049054719507694244
0.08475272357463837
0.06449424475431442
0.058624204248189926
0.03068460524082184
-1.6698603630065918
0.06488639116287231
-1.604345679283142
0.020038289949297905
0.044783659279346466
0.13120225071907043
-1.1471393645364023e-21
-1.120127558708191
-2.0517008374686386e-35
0.04627517983317375
0.028178498148918152
0.09213390946388245
0.47123420238494873
0.07029198855161667
0.05168255418539047
0.036326710134744644
0.04927138239145279
0.08419086039066315
0.06533079594373703
0.05857643857598305
0.030473224818706512
-1.6542187929153442
0.06507275998592377
-1.589155912399292
0.019873520359396935
0.0444314181804657
0.13071253895759583
-4.529689631201367e-19
-1.109857201576233
8.848363256175026e-35
0.04600396007299423
0.027946317568421364
0.09153478592634201
0.3697441816329956
7.3336463756725e-35
-7.069591199597576e-35
6.979168248164865e-35
6.922244589843185e-35
6.565453929747923e-35
2.2386733388303748e-33
6.056075148955052e-35
5.8146186078366505e-36
-8.861456702039752e-36
6.894890813340677e-35
2.2405616832612495e-35
5.86103492221471e-35
6.824364596122445e-35
6.883995679665233e-35
-7.358851775536762e-35
-7.081388043050921e-35
7.011695806932175e-35
7.179478110469123e-35
-7.468999269628657e-35
4.935279741560017e-35
-0.025178920477628708
0.001974686747416854
0.0005393672618083656
0.0008331494173035026
-0.0033171861432492733
0.0015349568566307425
-0.005053388420492411
-0.003378419205546379
0.0002564399328548461
0.31025931239128113
-0.005307663232088089
0.29793158173561096
0.000533794576767832
0.0005990303470753133
0.0030728059355169535
9.063672875721089e-16
0.2079790234565735
5.177282345148151e-35
-0.00031112192664295435
0.0005918394890613854
0.000521656300406903
-0.007169567979872227
0.08644762635231018
0.06370923668146133
0.04458077251911163
0.06274638324975967
0.10383517295122147
0.08681077510118484
0.07487430423498154
0.03776524215936661
-2.0171618461608887
0.08575527369976044
-1.937886118888855
0.024401621893048286
0.054653290659189224
0.16179008781909943
-6.019343357088758e-11
-1.353401780128479
-4.422872910714175e-24
0.05697710067033768
0.034269068390131
0.11399487406015396
0.3226672410964966
7.169381945610254e-35
-7.259784234056329e-35
-7.159044138602119e-35
7.245472819923808e-35
-4.140353408731998e-35
7.131032740080026e-17
7.229059520872971e-35
7.075965730974643e-35
-7.398753150673707e-35
6.881396735123962e-35
-7.198343417267378e-35
7.13032430909426e-35
6.672153000959085e-35
2.863552739224501e-35
-7.485424622088365e-35
-3.0078452447597876e-35
6.419068148872085e-35
7.372287308624676e-35
6.639387817845467e-35
6.669320449874462e-35
-0.046627432107925415
-0.08742564171552658
-0.06594601273536682
-0.04606560245156288
-0.06591720879077911
-0.105148546397686
-0.0874725952744484
-0.07806088775396347
-0.0392056442797184
2.2758731842041016
-0.08714471012353897
2.186513900756836
-0.025333687663078308
-0.05664651095867157
-0.15843473374843597
4.827623859273259e-35
1.5272663831710815
1.7103844584759974e-35
-0.05964021757245064
-0.03558318689465523
-0.11607223749160767
0.9414991140365601
0.0593048557639122
0.04357358440756798
0.0307028628885746
0.0408986397087574
0.07090406864881516
0.05414721369743347
0.04872084781527519
0.025654034689068794
-1.4031378030776978
0.053782977163791656
-1.3480165004730225
0.016805123537778854
0.037494465708732605
0.10973627865314484
8.1359777030211e-33
-0.9413408041000366
5.895709135704713e-35
0.03870496526360512
0.023633912205696106
0.07692865282297134
0.4249129593372345
6.380705592267637e-35
6.47739305966618e-23
3.126347634249217e-29
-2.1162340637372894e-18
-7.722274680370185e-35
9.345543361405362e-08
1.3087227308159764e-17
2.3725551658913254e-33
-3.056544747414594e-35
-1.0369946647343734e-18
1.2127195822040038e-35
1.4928736011114819e-33
6.618527384893179e-35
1.4282147307839106e-35
-7.553590667055336e-35
4.2525301803030586e-36
6.605039046394974e-35
1.405821885367427e-18
9.757684340932827e-29
6.020065876939652e-35
-0.11897984147071838
0.07452534884214401
0.0548364594578743
0.03853588551282883
0.05162693187594414
0.0892709270119667
0.06830192357301712
0.06127959489822388
0.032173771411180496
-1.754199743270874
0.06725584715604782
-1.684933066368103
0.021047459915280342
0.04714639484882355
0.13843625783920288
-7.048564314808502e-35
-1.176896572113037
8.89791883784558e-35
0.048803240060806274
0.02964780107140541
0.09692565351724625
0.6329055428504944
-0.0266164168715477
-0.019855650141835213
-0.014097475446760654
-0.019099345430731773
-0.03178773075342178
-0.025221198797225952
-0.022610872983932495
-0.011958671733736992
0.6508058905601501
-0.02506662718951702
0.6253427267074585
-0.007974151521921158
-0.017150558531284332
-0.048578668385744095
7.178931689266983e-35
0.43654704093933105
2.968681423451361e-35
-0.017806624993681908
-0.010961734689772129
-0.034654583781957626
0.2755318582057953
-0.041578687727451324
-0.030978430062532425
-0.021742288023233414
-0.030183661729097366
-0.04987471550703049
-0.040116168558597565
-0.03581559658050537
-0.018377305939793587
1.0590288639068604
-0.0398893803358078
1.0174827575683594
-0.011973067186772823
-0.02663782611489296
-0.07622893899679184
6.999786464996036e-35
0.7105476260185242
4.486793634438404e-35
-0.0278018731623888
-0.016790037974715233
-0.05462414398789406
0.442363440990448
0.04575818032026291
0.03361733630299568
0.023733064532279968
0.03149048984050751
0.05461797118186951
0.04190070927143097
0.037403404712677
0.019798023626208305
-1.0873886346817017
0.04120989143848419
-1.044701337814331
0.013004145585000515
0.028941674157977104
0.08436641097068787
-7.256304242723792e-35
-0.7290673851966858
-9.929222850122056e-35
0.029850982129573822
0.018280481919646263
0.059173375368118286
0.467604398727417
-0.06816220283508301
-0.05107184126973152
-0.0357293002307415
-0.05039447546005249
-0.08188597857952118
-0.0669550746679306
-0.059761885553598404
-0.030280763283371925
1.7529072761535645
-0.06664102524518967
1.6840850114822388
-0.019604282453656197
-0.043877873569726944
-0.12429217994213104
6.880065120429671e-35
1.176324486732483
8.730572178943531e-35
-0.0459987111389637
-0.027568187564611435
-0.0900445356965065
0.7314677238464355
0.07003806531429291
0.051509395241737366
0.036232851445674896
0.04859982430934906
0.0838419646024704
0.06437842547893524
0.05781616270542145
0.030296150594949722
-1.6514075994491577
0.06373968720436096
-1.5866373777389526
0.01981138437986374
0.04429998621344566
0.1298695206642151
-7.290762068825973e-35
-1.1082836389541626
5.161062474611097e-35
0.04580474644899368
0.027876676991581917
0.09104965627193451
0.4358201324939728
0.0707283765077591
0.05200960114598274
0.036528438329696655
0.050092875957489014
0.08473987877368927
0.06768984347581863
0.05951092392206192
0.030746910721063614
-1.6612803936004639
0.06720905750989914
-1.596506953239441
0.019997579976916313
0.044696930795907974
0.13171058893203735
-3.084505849522412e-13
-1.1146228313446045
-4.867389959071324e-30
0.046337999403476715
0.028103457763791084
0.09255316108465195
0.33164727687835693
-0.19223342835903168
-7.612481936755441e-37
0.5324161648750305
0.7759277820587158
0.6246169209480286
0.6187019944190979
3.758622380274666e-36
-0.11560127139091492
0.754349946975708
4.115383552566084e-36
-0.8506119847297668
0.5247990489006042
-1.8171539847318682e-36
0.6561688780784607
-0.24329297244548798
-0.3958188593387604
0.4068590998649597
-0.6551823019981384
0.6176787614822388
0.6214249730110168
0.284076452255249
4
1
