2
1
2
20
20
0.225372776389122
0.18339581787586212
-0.059124745428562164
0.05817072466015816
0.035750746726989746
0.04545082151889801
-0.001533288392238319
-0.0007241639541462064
-0.06340771913528442
0.16600163280963898
0.08168323338031769
0.08635075390338898
0.06472194194793701
0.04228036478161812
0.017168009653687477
0.04546860232949257
0.03025219775736332
0.0167646873742342
0.06796190142631531
0.04576382040977478
-0.003322825999930501
-0.21417619287967682
-0.24820174276828766
0.17220376431941986
-0.17443206906318665
-0.08669552952051163
-0.08279770612716675
0.045330509543418884
0.029415316879749298
0.02426215261220932
-0.4028903543949127
-0.07864315807819366
-0.16654999554157257
-0.6061226725578308
-0.07234818488359451
-0.18542532622814178
0.0508183017373085
0.031910352408885956
0.041894543915987015
-0.22077804803848267
-0.2572927176952362
0.17075298726558685
0.03488979861140251
0.022869214415550232
0.026088619604706764
0.061421919614076614
0.038713108748197556
0.03717803582549095
-0.09345195442438126
-0.06062854081392288
-0.014686758629977703
-0.15162308514118195
-0.10250601172447205
0.01231308188289404
0.13889870047569275
0.0846400186419487
0.0342748798429966
0.06488597393035889
0.04074893146753311
0.04277989640831947
-0.2311009019613266
-0.054765187203884125
0.001214486313983798
-0.15534012019634247
-0.07243358343839645
-0.030378423631191254
-0.054245349019765854
0.23975440859794617
0.15852698683738708
-0.04429417848587036
0.28567948937416077
0.37473180890083313
-0.04553047567605972
0.24829429388046265
-0.03435993939638138
-0.05932587757706642
0.08924306929111481
0.1431250274181366
-0.12240394204854965
-0.06105700507760048
0.0017388040432706475
-0.20400041341781616
-0.047121305018663406
0.0011702037882059813
-0.12805423140525818
-0.05404018238186836
-0.03781673312187195
-0.05677327141165733
0.23631060123443604
0.13390463590621948
-0.03725133463740349
0.27277231216430664
0.408732146024704
-0.041288524866104126
0.24346889555454254
-0.028768301010131836
-0.05048495903611183
0.0771017074584961
0.1263398677110672
-0.1114000454545021
-0.05318834260106087
-0.009128274396061897
0.26575008034706116
0.03774429112672806
-0.000974991184193641
0.07700090855360031
0.044417854398489
0.03831194341182709
0.061210669577121735
-0.23873592913150787
-0.1308497190475464
0.039103295654058456
-0.22594337165355682
-0.3491055369377136
0.04673492908477783
-0.25720518827438354
0.04760492593050003
0.046305637806653976
-0.12459858506917953
-0.15872922539710999
0.12717582285404205
0.044256262481212616
0.001385982264764607
-0.2506977319717407
-0.05992253124713898
0.0012705278350040317
-0.19222643971443176
-0.07121054083108902
-0.04655717313289642
-0.07081342488527298
0.25235360860824585
0.19133268296718597
-0.050908420234918594
0.35617437958717346
0.49161842465400696
-0.0497017465531826
0.2600710391998291
-0.036139070987701416
-0.07248520851135254
0.1015508845448494
0.1581277698278427
-0.1351843774318695
-0.07746535539627075
-0.010359544306993484
0.15850652754306793
0.03687962144613266
-0.0009068937506526709
0.07393071800470352
0.06576783210039139
0.02911367453634739
0.059988927096128464
-0.1885320544242859
-0.09017810225486755
0.03208986669778824
-0.17077066004276276
-0.2601313889026642
0.03441784158349037
-0.19855014979839325
0.0259577464312315
0.0599999725818634
-0.06062725558876991
-0.10775373876094818
0.09592979401350021
0.05610644072294235
-0.010773155838251114
0.23856548964977264
0.05667082965373993
-0.0012379963882267475
0.17061176896095276
0.06669853627681732
0.046406280249357224
0.0692644715309143
-0.253978431224823
-0.178532212972641
0.047062188386917114
-0.3531065881252289
-0.5127489566802979
0.04820971563458443
-0.26150205731391907
0.03515339270234108
0.06341709941625595
-0.09441684186458588
-0.15226976573467255
0.13139240443706512
0.06799060106277466
0.016344033181667328
-0.14287130534648895
-0.03209061920642853
0.000874099088832736
-0.08430828899145126
-0.04067034646868706
-0.03109346702694893
-0.040762703865766525
0.15636809170246124
0.08750411123037338
-0.025635499507188797
0.1530047357082367
0.19874130189418793
-0.027869712561368942
0.162605881690979
-0.01949119195342064
-0.031515683978796005
0.052196748554706573
0.08664397895336151
-0.07465140521526337
-0.03502815216779709
0.020986240357160568
-0.19973212480545044
-0.04601011052727699
0.001214141258969903
-0.12526001036167145
-0.05302629619836807
-0.03758963197469711
-0.0560295395553112
0.23098565638065338
0.13158078491687775
-0.037135154008865356
0.2614635229110718
0.38845351338386536
-0.04014511778950691
0.2379830777645111
-0.028407154604792595
-0.04960061237215996
0.07579386234283447
0.1242414340376854
-0.10827242583036423
-0.052494198083877563
-0.005171814002096653
-0.28790712356567383
-0.07714414596557617
0.0037501719780266285
-0.23224499821662903
-0.08407223969697952
-0.05858990177512169
-0.08678484708070755
0.2790873348712921
0.24155734479427338
-0.058710478246212006
0.6034968495368958
0.9003587961196899
-0.06711234152317047
0.28688961267471313
-0.04540807008743286
-0.0810471698641777
0.12053216993808746
0.194129079580307
-0.18120840191841125
-0.08557413518428802
-0.002519860863685608
-0.20863670110702515
-0.04802383482456207
0.0012268034042790532
-0.13252180814743042
-0.05576428398489952
-0.03867661952972412
-0.05787470564246178
0.2335367649793625
0.1375066488981247
-0.03791217878460884
0.2699514329433441
0.39383089542388916
-0.04178907349705696
0.2410845160484314
-0.029196256771683693
-0.05187097564339638
0.0788017138838768
0.12846069037914276
-0.11257976293563843
-0.05465615913271904
-0.004884008318185806
-0.21504683792591095
-0.04999472200870514
0.0011944064171984792
-0.1374429613351822
-0.057265475392341614
-0.03983625769615173
-0.059790320694446564
0.24494312703609467
0.1429375857114792
-0.03911280632019043
0.2947014570236206
0.4394579827785492
-0.04379244148731232
0.2524546682834625
-0.030258186161518097
-0.05350921303033829
0.081548772752285
0.13327397406101227
-0.11837602406740189
-0.056297291070222855
-0.012355467304587364
0.18641380965709686
0.036372072994709015
-0.0008024639100767672
0.09592559188604355
0.02951771765947342
0.04268929734826088
0.06537327915430069
-0.1750650256872177
-0.11033318191766739
0.028864823281764984
-0.19511160254478455
-0.16130083799362183
0.03331437706947327
-0.18721356987953186
0.02247738279402256
0.040651533752679825
-0.04680745303630829
-0.09766629338264465
0.09135954827070236
0.039207860827445984
-0.026253802701830864
0.2054911106824875
0.04728790000081062
-0.0012779532698914409
0.12594914436340332
0.0542677603662014
0.03774205595254898
0.05622320994734764
-0.2266131192445755
-0.13108080625534058
0.03683166578412056
-0.2457755208015442
-0.34506213665008545
0.041147951036691666
-0.2351539433002472
0.02843589521944523
0.04967483878135681
-0.07716669142246246
-0.12568967044353485
0.11040706187486649
0.05377080291509628
-0.004092293791472912
-0.1852356642484665
-0.04228048026561737
0.0011927997693419456
-0.11016097664833069
-0.05226801708340645
-0.0360095277428627
-0.04779425263404846
0.2020469456911087
0.11325295269489288
-0.0326896496117115
0.20021571218967438
0.2715807557106018
-0.03645305335521698
0.21059440076351166
-0.02563110738992691
-0.04526347666978836
0.0662609413266182
0.11201628297567368
-0.09770947694778442
-0.045521389693021774
0.01555841788649559
-0.2235880345106125
-0.05163929611444473
0.0012340182438492775
-0.1423266977071762
-0.063150554895401
-0.04203445464372635
-0.05944036692380905
0.23774395883083344
0.14605991542339325
-0.04028571769595146
0.275497168302536
0.3902660310268402
-0.044369447976350784
0.24644778668880463
-0.030926847830414772
-0.056435879319906235
0.08387881517410278
0.1365973949432373
-0.11927542835474014
-0.05901084095239639
-0.002306531649082899
0.25858572125434875
0.05229927599430084
-0.0010260222479701042
0.19113057851791382
0.039647653698921204
0.04512912034988403
0.05067678168416023
-0.24465271830558777
-0.16131055355072021
0.045275554060935974
-0.2515314221382141
-0.38086095452308655
0.047140076756477356
-0.25872814655303955
0.03156471252441406
0.059459324926137924
-0.0646851509809494
-0.14742517471313477
0.13370776176452637
0.05122644454240799
-0.0012103923363611102
0.1687268167734146
0.04848159849643707
-0.0008614804828539491
0.10259199142456055
0.0558326430618763
0.0271359421312809
0.043768372386693954
-0.18489161133766174
-0.09305451810359955
0.02932116575539112
-0.18546919524669647
-0.2317192554473877
0.037449706345796585
-0.20072244107723236
0.02272820845246315
0.03458840772509575
-0.0751674547791481
-0.1102060005068779
0.0959799513220787
0.0459069199860096
-0.018090873956680298
0.2117709368467331
0.04378509894013405
-0.0010990668088197708
0.09261101484298706
0.05701786279678345
0.05053824931383133
0.07021011412143707
-0.21432438492774963
-0.1234208270907402
0.03657529130578041
-0.20032648742198944
-0.2759515345096588
0.03911794349551201
-0.2266627699136734
0.022436698898673058
0.04507678747177124
-0.0771765187382698
-0.13067111372947693
0.11080243438482285
0.06113492697477341
-0.013958005234599113
0.2652691900730133
0.05794363468885422
-0.0010741977021098137
0.17468152940273285
0.05889297276735306
0.04825323447585106
0.08140213042497635
-0.24929222464561462
-0.18511271476745605
0.04483566805720329
-0.316616028547287
-0.416544646024704
0.050474222749471664
-0.26047515869140625
0.03142034634947777
0.05340336263179779
-0.10036346316337585
-0.1549610197544098
0.13633234798908234
0.06005864962935448
0.004981308709830046
0.09672068804502487
0.021715635433793068
-0.0005704469513148069
0.057048141956329346
0.025212468579411507
0.017576588317751884
0.02636803314089775
-0.11113368719816208
-0.05973128601908684
0.01730576530098915
-0.1100919246673584
-0.15965686738491058
0.019013600423932076
-0.11525651067495346
0.013327565044164658
0.023295555263757706
-0.03574248030781746
-0.0588727667927742
0.0511087067425251
0.024608982726931572
-0.018930913880467415
0.3313204348087311
0.32505467534065247
-0.3153376579284668
0.3872726857662201
-0.23692184686660767
-0.3890710175037384
0.1919802725315094
0.3138204514980316
0.5953794717788696
0.3199707269668579
0.34647148847579956
-0.21227167546749115
-0.3031002879142761
0.2582918405532837
0.3284018933773041
-0.3370429575443268
-0.22870150208473206
-0.27270838618278503
-0.3599696755409241
-0.1336742341518402
0.4038686454296112
0
4
