18
1
2
20
20
-3.035622285096906e-06
6.0300890254438855e-06
-0.05692901834845543
-4.883909241470974e-07
-1.8275818547408562e-07
-0.056929681450128555
-6.462713827204425e-06
-1.0596191941658617e-06
1.585020982020069e-06
-2.6215420803055167e-06
-5.4430774980573915e-06
4.743016688735224e-06
-4.614245881384704e-06
-1.864398313955462e-06
-9.397882422490511e-06
2.4060650503088254e-06
-0.05693522095680237
3.4933123060909566e-07
1.162258505821228
-1.9508011064317543e-06
6.010679499013349e-06
-0.06340450048446655
-3.0403532491618535e-07
-5.795745892100967e-07
-0.0633973777294159
-3.2122768516273936e-06
-1.8359469322604127e-06
1.3472325690599973e-06
-3.711520548677072e-06
-4.898889073956525e-06
3.853529051411897e-06
-3.779250619118102e-06
-1.5796640582266264e-06
-1.7058275261661038e-05
3.554139766492881e-06
-0.06340605020523071
9.475365914113354e-08
1.1274816989898682
-1.8897284235208645e-06
5.715415682061575e-06
-0.05290142074227333
-3.213451691408409e-07
-5.598926691163797e-07
-0.05289574712514877
-2.5145911877189064e-06
-6.690505074402608e-07
1.7867980659502791e-06
-3.1294334803533275e-06
-5.437588242784841e-06
3.2125626603374258e-06
-3.6013291264680447e-06
-2.2538947632710915e-06
-5.0077069317922e-06
1.8674131752050016e-06
-0.05290047451853752
1.4068632481212262e-06
1.1593364477157593
-4.312760211178102e-06
7.006743544479832e-06
-0.06462810188531876
-4.534003892331384e-07
-2.0230445443303324e-06
-0.06460852175951004
-5.318092917150352e-06
-7.200582103905617e-07
1.901532868942013e-06
-6.701808160869405e-06
-5.8235309552401304e-06
7.380948773061391e-06
-9.80544245976489e-06
-2.7927258088311646e-06
-1.704730311757885e-05
7.140973593777744e-06
-0.06463136523962021
9.291334208683111e-07
1.5275051593780518
-5.944523763901088e-06
7.251102942973375e-06
-0.06345493346452713
-4.2089823182323016e-07
-2.5099461709032767e-07
-0.06342866271734238
-3.116772631983622e-06
-6.64982167108974e-07
1.9142316887155175e-06
-3.4676340874284506e-06
-5.3216845117276534e-06
5.197388418309856e-06
-6.563716851815116e-06
-1.8835135051631369e-06
-1.0388432201580144e-05
2.358727215323597e-06
-0.06343965977430344
1.1163388080603909e-06
1.2482600212097168
-8.942046406446025e-06
3.342222498758929e-06
-0.06504964083433151
-4.1473094825050794e-07
-1.5290147530322429e-06
-0.06504014134407043
-6.810067588958191e-06
-2.7621495064522605e-06
2.359488462388981e-06
-3.3615724532864988e-06
-1.1683471711876336e-05
1.0489399755897466e-05
-7.099730282789096e-06
-2.052766376436921e-06
-1.0612739060888998e-05
3.5964339986094274e-06
-0.06502760946750641
3.1222407415043563e-07
1.361984372138977
-3.1156941986409947e-06
2.574893414930557e-06
-0.05079576000571251
-2.936673126896494e-07
-2.0346010387584101e-07
-0.050800178200006485
-7.792901669745333e-06
-1.1655395155685255e-06
1.3109712426739861e-06
-4.434426955413073e-06
-9.630326530896127e-06
3.656027956822072e-06
-5.80209280087729e-06
-2.2132587673695525e-06
-5.374138709157705e-06
1.3595753216577577e-06
-0.05080047994852066
7.213034223241266e-07
1.112597942352295
-3.917138201359194e-06
5.5637697187194135e-06
-0.05401105061173439
-2.6183045065408805e-07
-3.723612280737143e-07
-0.0540093295276165
-5.509161837835563e-06
-1.0175245961363544e-06
1.695641685728333e-06
-2.5356575861223973e-06
-2.4969679088826524e-06
4.2408532863191795e-06
-4.417813215695787e-06
-2.627744379424257e-06
-9.914342626871075e-06
1.1371232631063322e-06
-0.054011277854442596
4.878011168329976e-07
1.1121076345443726
-2.286939889017958e-06
2.4099531401589047e-06
-0.055803555995225906
-7.57685938879149e-07
-2.0684365154011175e-07
-0.055777065455913544
-4.4109187911089975e-06
-7.682214686610678e-07
1.247781597157882e-06
-3.770350303966552e-06
-8.306081326736603e-06
3.543621460266877e-06
-3.9023634599288926e-06
-2.7127709927299293e-06
-7.5999896580469795e-06
2.5140489015029743e-06
-0.05580611899495125
3.3242167774005793e-07
1.2415575981140137
-2.1422465579234995e-06
6.92715730110649e-06
-0.05419597774744034
-4.543564955383772e-07
-2.6413567866256926e-07
-0.05416950210928917
-2.8933400244568475e-06
-7.176780059126031e-07
1.7182467217935482e-06
-3.183951776009053e-06
-8.74569741426967e-06
7.547751465608599e-06
-7.795968485879712e-06
-4.406998868944356e-06
-1.0231466148979962e-05
3.1445247259398457e-06
-0.054195426404476166
3.547802407410927e-07
1.2383391857147217
-3.368220859556459e-06
6.309778200375149e-06
-0.051299817860126495
-3.8221173781494144e-07
-3.2281081985274795e-07
-0.05128910765051842
-2.161016709578689e-06
-1.2030229754600441e-06
1.9024585071747424e-06
-3.88380749427597e-06
-8.38402866065735e-06
3.226869466743665e-06
-4.33954255640856e-06
-1.4441886833083117e-06
-8.768418410909362e-06
1.4197175914887339e-06
-0.05130404606461525
1.1477413863758557e-06
1.217956781387329
-3.40101178153418e-06
2.261889903820702e-06
-0.054930638521909714
-6.847203621873632e-07
-4.779669779964024e-07
-0.05491996183991432
-3.7037443689769134e-06
-1.4115017847871059e-06
1.489712076363503e-06
-3.7949575926177204e-06
-6.248217232496245e-06
2.9043451377219753e-06
-5.364319804357365e-06
-1.6499916455359198e-06
-5.4005731726647355e-06
2.045829887720174e-06
-0.054922666400671005
4.903258741251193e-07
1.1958452463150024
-3.014746653207112e-06
7.020930752332788e-06
-0.06094273179769516
-3.0577461984648835e-07
-4.676805929193506e-07
-0.060920752584934235
-4.316676495363936e-06
-1.5126245216379175e-06
1.1665180181807955e-06
-3.5883422242477536e-06
-3.1040892736200476e-06
5.567773769143969e-06
-4.8840392992133275e-06
-1.3344035778573016e-06
-4.84754127683118e-06
2.2313201952783857e-06
-0.060930851846933365
4.536752840067493e-07
1.1808526515960693
-1.660230509514804e-06
3.0382414024643367e-06
-0.06590039283037186
-5.546473857975798e-07
-9.351481367048109e-08
-0.06589529663324356
-1.949221996255801e-06
-1.0959289511447423e-06
1.2118598533561453e-06
-2.535974999773316e-06
-4.247356173436856e-06
3.529781452016323e-06
-3.7275112845236436e-06
-2.4035407477640547e-06
-3.859075150103308e-06
1.9130229702568613e-06
-0.06589952111244202
3.0299338504846673e-07
0.9984034299850464
-3.2845359783095773e-06
2.478721171428333e-06
-0.06346152722835541
-3.3176547731272876e-07
-3.071698301937431e-06
-0.0634622573852539
-3.467269607426715e-06
-8.888070510693069e-07
1.2542371905510663e-06
-2.291327291459311e-06
-1.4077471860218793e-05
3.6322919640952023e-06
-3.6541860026773065e-06
-1.575402734488307e-06
-8.442284524790011e-06
1.3445078366203234e-06
-0.06345710158348083
5.108195182401687e-07
1.1506491899490356
-1.378426532028243e-06
4.856525720242644e-06
-0.05505045875906944
-1.1571755749173462e-06
-1.9788767531281337e-06
-0.055044032633304596
-2.3169675387180177e-06
-1.3414028217084706e-06
1.3523189181796624e-06
-1.5890066151769133e-06
-6.1583873502968345e-06
3.772899844989297e-06
-4.112625902052969e-06
-2.326879211977939e-06
-1.2565269571496174e-05
1.5781113233970245e-06
-0.055058613419532776
1.3781118468614295e-07
1.11898672580719
-6.046509952284396e-06
9.290247362514492e-06
-0.06146257370710373
-5.953891104581999e-07
-3.6886513044009916e-07
-0.06145016476511955
-4.065499524585903e-06
-1.101966972782975e-06
2.334259988856502e-06
-8.769775377004407e-06
-5.798486199637409e-06
5.695543222827837e-06
-9.456671250518411e-06
-3.4598269849084318e-06
-1.0214358553639613e-05
2.2263861865212675e-06
-0.061461083590984344
4.700514182331972e-07
1.4310791492462158
-5.492810487339739e-06
2.4891151042538695e-06
-0.057561244815588
-3.4275899452040903e-07
-3.860081960738171e-07
-0.05754919722676277
-1.6626101569272578e-05
-8.298203511003521e-07
2.1924395241512684e-06
-2.5238143734895857e-06
-3.518576249916805e-06
5.3651219786843285e-06
-4.088280547875911e-06
-2.0354254957055673e-06
-8.062317647272721e-06
1.7623501662455965e-06
-0.05755945295095444
1.5830346455913968e-07
1.1368800401687622
-1.4760184967599344e-06
3.455643764027627e-06
-0.052198879420757294
-2.571334789536195e-07
-6.388318070094101e-07
-0.05218882858753204
-3.4174452139268396e-06
-7.81075186750968e-07
1.0360039368606522e-06
-1.468421942263376e-06
-5.455483460536925e-06
2.859625510609476e-06
-3.078331701544812e-06
-9.73408532445319e-07
-5.556301857723156e-06
1.2500602224463364e-06
-0.05218394100666046
2.2437643565353937e-07
0.9826321601867676
-2.132015652023256e-06
4.813875875697704e-06
-0.06514184921979904
-4.838068434764864e-07
-2.369743015151471e-07
-0.06514068692922592
-9.963344382413197e-06
-1.480630089645274e-06
1.5821053693798603e-06
-2.844416485459078e-06
-5.180754669709131e-06
3.2099792406370398e-06
-3.816917796939379e-06
-1.7643774299358483e-06
-1.0151350579690188e-05
1.627399115022854e-06
-0.06514491140842438
2.680708348634653e-07
1.1445708274841309
0.3151051998138428
0.15858009457588196
0.5857620239257812
0.42451444268226624
0.2805662751197815
0.46344155073165894
0.398025244474411
0.2763022780418396
0.6426569223403931
0.2729966342449188
0.5356632471084595
0.6478375196456909
0.2076236754655838
0.2536095678806305
0.2200377732515335
0.2350698560476303
0.4145623445510864
0.37881705164909363
0.4821370542049408
0.44867807626724243
0.7203723192214966
-5.395026786425561e-11
-1.5351160982390866e-05
-6.35606852483761e-07
-2.110721908366031e-07
3.100796868078272e-14
4.089462363849553e-15
0.0007974212639965117
-0.00011577081022551283
-7.903590670821359e-09
2.026263534334028e-15
5.759597843280062e-05
-5.828252724882077e-08
-1.5934145669582733e-10
0.0002406222774880007
-2.9410089814885243e-12
-3.5593820939539e-05
-3.503423613437917e-06
5.506431989488192e-06
-7.1416814684255314e-09
-1.4850046170522546e-07
-0.08488177508115768
-8.473472553305328e-05
-0.00012710702139884233
0.00015371813788078725
-1.4516229384753387e-05
0.00014476465003099293
1.499793870607391e-05
-5.186567432247102e-05
-0.00020814250456169248
-0.00043387056211940944
0.005940389819443226
0.010879035107791424
-0.00016553136811126024
0.008815152570605278
-5.398712892201729e-05
-0.0002094871160807088
-4.029091542179231e-06
2.0014736946905032e-05
-9.320864046458155e-05
0.006230340804904699
-0.00013066873361822218
-0.12083545327186584
0.013348886743187904
9.3564682174474e-05
-3.1154734188021393e-06
-0.0038017313927412033
0.012014968320727348
0.00407059071585536
-0.00029227067716419697
-9.82328401732957e-06
-0.00029208039632067084
0.00785873457789421
-0.0002475430374033749
-0.004513739608228207
0.001265137572772801
-0.00014520154218189418
0.0049558375030756
-0.00010668092727428302
-0.0007538367062807083
-0.0001821019541239366
-0.00371338939294219
0.00018212095892522484
-0.13016852736473083
0.3241158127784729
0.393167108297348
0.5446334481239319
0.5116640329360962
0.2464354783296585
0.6888306140899658
0.5654733180999756
0.5289921164512634
0.19779182970523834
0.4479580819606781
0.6030802130699158
0.22646383941173553
0.550582766532898
0.49936434626579285
0.6273862719535828
0.2848830819129944
0.5092687606811523
0.5658801198005676
0.4219875931739807
0.28882816433906555
0.6613577008247375
0.6332651972770691
0.6504760980606079
0.6128256320953369
0.2508683204650879
0.4759187400341034
0.4663119912147522
0.4826918840408325
0.4702523350715637
0.5701391696929932
0.5991044044494629
0.4389006495475769
0.14937646687030792
0.23429277539253235
0.47608354687690735
0.3092286288738251
0.6437786817550659
0.2559415400028229
0.20379166305065155
0.22430601716041565
0.4998028874397278
0.619684636592865
0.1814274936914444
0.671729564666748
0.3124900162220001
0.36827486753463745
0.7305576205253601
0.3182026743888855
0.35302895307540894
0.14564771950244904
0.5584120154380798
0.5330674648284912
0.14656460285186768
0.18888752162456512
0.5306758284568787
0.3696065843105316
0.273038387298584
0.4846341609954834
0.40915361046791077
0.6021038889884949
0.34302234649658203
0.5494488477706909
0.6934931874275208
0.31914642453193665
0.40007221698760986
0.44991669058799744
0.3039243817329407
0.28353041410446167
0.31197673082351685
0.2962360978126526
0.5966979265213013
0.3241899013519287
0.2523361146450043
0.5052196979522705
0.5241807699203491
0.21501345932483673
0.44184887409210205
0.29804515838623047
0.5125808119773865
0.46395671367645264
0.46527138352394104
0.400581955909729
0.39531323313713074
0.7554558515548706
0.3910805881023407
0.25685766339302063
0.16317634284496307
0.38126078248023987
0.4786665737628937
0.3099403977394104
0.444894015789032
0.41400736570358276
0.25902754068374634
0.3513818383216858
0.19494272768497467
0.5753023028373718
0.6185445785522461
0.4163897633552551
0.6035851240158081
0.21286851167678833
0.36965638399124146
0.32449865341186523
0.20582938194274902
0.7256538271903992
0.7337185740470886
0.19145441055297852
0.6773996353149414
0.17053012549877167
0.6693388819694519
0.6014482378959656
0.5371063351631165
0.21562887728214264
0.19443482160568237
0.37727639079093933
0.40233317017555237
0.66182541847229
0.47030356526374817
0.6027444005012512
0.5006943345069885
0.48101380467414856
0.5702303647994995
0.4074854552745819
0.19464027881622314
0.40902912616729736
0.6293715834617615
0.5648331642150879
-0.027120716869831085
-0.01898784562945366
-0.029390253126621246
0.0157186146825552
-0.008330119773745537
-0.001654991414397955
0.013859892264008522
0.02046790160238743
0.06084524467587471
-0.02715492621064186
-0.023816095665097237
-0.04668240621685982
-0.0367845855653286
-0.03881324082612991
0.03069319762289524
-0.056706689298152924
-0.018672185018658638
0.003345281118527055
-0.005400744266808033
0.01747344806790352
-0.12317304313182831
-0.00018517945136409253
0.0015226638643071055
0.009118021465837955
-0.027534401044249535
0.001547525287605822
0.0066627515479922295
-0.025593427941203117
0.022254187613725662
-0.014559957198798656
-0.008223230950534344
-0.034944549202919006
0.005383120849728584
-0.006892965640872717
0.006842554081231356
0.007611453533172607
0.034615155309438705
0.014519652351737022
-0.001395014813169837
-0.003942645620554686
0.0002855625643860549
-0.1213562861084938
0.5002275705337524
0.3826218843460083
0.49378636479377747
0.22212058305740356
0.3587024509906769
0.5928451418876648
0.5400205254554749
0.5505579113960266
0.23767949640750885
0.20812775194644928
0.0860881358385086
0.4266849458217621
0.4098321199417114
0.4648621380329132
0.4674978256225586
0.21215064823627472
0.3788139820098877
0.5056082606315613
0.3704036474227905
0.4895332455635071
0.628704845905304
0.7183196544647217
0.5070561766624451
0.15112599730491638
0.744114339351654
0.2659929692745209
0.2600262463092804
0.1347760260105133
0.36725398898124695
0.43842437863349915
0.361190527677536
0.17969895899295807
0.3408384323120117
0.18874956667423248
0.5754867792129517
0.5728803873062134
0.5068628787994385
0.5269371867179871
0.46042582392692566
0.41940760612487793
0.29185259342193604
0.6240538954734802
0.5150875449180603
0.5755218267440796
0.438474178314209
0.6291809678077698
0.5937461256980896
0.6281318664550781
0.4150438606739044
0.48856282234191895
0.4934580624103546
0.5052384734153748
0.4541732966899872
0.491051584482193
0.5496615767478943
0.6014258861541748
0.5765815377235413
0.4645560383796692
0.6016198992729187
0.5036671757698059
0.39515745639801025
0.5997132062911987
2.418316125869751
0.41200461983680725
0.34280335903167725
0.3691276013851166
0.6494625806808472
0.31367555260658264
0.5379045009613037
0.599666178226471
0.35455822944641113
0.36209267377853394
0.22793643176555634
0.3605636954307556
0.2138083428144455
0.4426271915435791
0.5073740482330322
0.6331290006637573
0.14096161723136902
0.5671852231025696
0.29347068071365356
0.4493580460548401
0.44533491134643555
0.7216075658798218
0.0004296264669392258
-6.863015711289222e-10
-6.86408947957222e-20
-8.09532793937251e-05
-4.1757903090910986e-05
-4.6327315317284956e-07
-1.855232208635392e-14
-9.985426174807799e-08
-3.2019400464378123e-09
1.3150607628631406e-05
-2.428010570376671e-10
-4.6036024286877364e-05
-7.646917947568e-05
-2.709399093969722e-10
-7.103913958417252e-05
-2.1906133795823735e-08
5.667084678862011e-06
0.000742430507671088
-2.9823406293871813e-05
-1.269388934244109e-11
-0.08699439465999603
0.39876607060432434
0.4445296823978424
0.3656749129295349
0.465038537979126
0.44640251994132996
0.4585973620414734
0.33681440353393555
0.37468472123146057
0.38859137892723083
0.37813347578048706
0.3557262420654297
0.38232675194740295
0.4284527003765106
0.45987311005592346
0.4476745128631592
0.3652334213256836
0.43081462383270264
0.4039120674133301
0.3636471629142761
0.4604918658733368
1.817119836807251
0.18100176751613617
0.5546875
0.1821655035018921
0.4375595450401306
0.6542866826057434
0.5748573541641235
0.13734015822410583
0.46027788519859314
0.19216828048229218
0.41439732909202576
0.35050302743911743
0.4087047874927521
0.5692360401153564
0.5712688565254211
0.46270230412483215
0.4777454137802124
0.5258439779281616
0.6197693943977356
0.3495742380619049
0.22600480914115906
0.69024258852005
0.5333845019340515
0.23078209161758423
0.5708083510398865
0.4402777850627899
0.6524367928504944
0.3375641405582428
0.143811896443367
0.1475752741098404
0.6149241924285889
0.5328215956687927
0.4696106016635895
0.4548162817955017
0.6155038475990295
0.4464569389820099
0.3434273898601532
0.4106924831867218
0.33044445514678955
0.24162931740283966
0.47261959314346313
0.37843871116638184
0.8029792904853821
0.6099210381507874
-5.193741547948605e-10
2.5498760805930942e-05
1.7522168604955368e-07
0.5559418797492981
0.6771377921104431
0.6432587504386902
0.52573162317276
0.6737339496612549
0.7377095818519592
-1.5903693565633148e-05
0.005361548159271479
0.9030278921127319
0.7586233019828796
0.7830460071563721
0.5449778437614441
1.0121645018633638e-17
0.6046214699745178
0.5846657752990723
0.4841908812522888
0.4269324839115143
100
1
