0.0
0.0
1.9371509552001953e-07
0.0
0.0
0.0
1.1920928955078125e-07
1.1920928955078125e-07
2.384185791015625e-07
0.0
0.0
0.0
1.1920928955078125e-07
1.1920928955078125e-07
1.1920928955078125e-07
0.0
0.0
0.0
0.0
0.0
0.0
0.0
0.0
0.0
0
0.0
0.0
1.1920928955078125e-07
0.0
1.1920928955078125e-07
1.1920928955078125e-07
2.384185791015625e-07
0.0
1.1920928955078125e-07
0.0
0.0
0.0
1.1920928955078125e-07
1.1920928955078125e-07
2.384185791015625e-07
1.1920928955078125e-07
0.0
1.1920928955078125e-07
1.1920928955078125e-07
1.1920928955078125e-07
0.0
0.0
1.1920928955078125e-07
0.0
1.1920928955078125e-07
2.384185791015625e-07
1.1920928955078125e-07
0.0
0
1.1920928955078125e-07
0.0
0.0
1.1920928955078125e-07
1.1920928955078125e-07
0.0
0.0
1.1920928955078125e-07
0.0
0.0
0.0
1.1920928955078125e-07
1.1920928955078125e-07
0.0
0.0
1.1920928955078125e-07
0.0
1.1920928955078125e-07
2.384185791015625e-07
1.1920928955078125e-07
1.1920928955078125e-07
0.0
0.0
0.0
0.0
0
