1.1920928955078125e-06
1.1920928955078125e-07
2.5033950805664062e-06
2.384185791015625e-07
1.430511474609375e-06
4.76837158203125e-07
0
1.430511474609375e-06
4.76837158203125e-07
4.76837158203125e-07
0
0.0
1.1920928955078125e-06
2.384185791015625e-07
9.5367431640625e-07
7.152557373046875e-07
2.1457672119140625e-06
7.152557373046875e-07
2.1457672119140625e-06
2.384185791015625e-07
3.5762786865234375e-07
1.6689300537109375e-06
0
2.5033950805664062e-06
2.1457672119140625e-06
1.1920928955078125e-06
1.0728836059570312e-06
2.384185791015625e-07
1.6689300537109375e-06
0
1.7881393432617188e-06
2.205371856689453e-06
1.9669532775878906e-06
0
1.1920928955078125e-06
0
0
0.0
1.0728836059570312e-06
1.6689300537109375e-06
1.430511474609375e-06
4.76837158203125e-07
9.5367431640625e-07
2.384185791015625e-07
1.1920928955078125e-06
2.384185791015625e-07
7.152557373046875e-07
0
9.5367431640625e-07
0.0
4.76837158203125e-07
2.384185791015625e-06
9.5367431640625e-07
0
2.2649765014648438e-06
3.5762786865234375e-07
9.5367431640625e-07
0
1.1920928955078125e-07
2.86102294921875e-06
1.430511474609375e-06
7.152557373046875e-07
1.9073486328125e-06
2.384185791015625e-06
0
0
0
4.76837158203125e-07
1.6689300537109375e-06
1.1920928955078125e-07
