0.0010103225480228774
0.0024314059181428133
0.004080632092857635
0.0054425960667779626
0.006265440989087547
0.006595577167555335
0.006587815099163813
0.006383366413628165
0.006078671825845849
0.005731853020645868
0.005375682382842271
0.005027710700542852
0.004696734916494476
0.004386655990571827
0.004098635982873835
0.003832411838161579
0.0035869608968424
0.003360932951380463
0.0031528309210530894
0.0029611653039535567
0.002784515827995734
0.0026215489366208425
0.0024710355756812335
0.0023318682543444274
0.0022030237619441884
0.0020835943487722995
0.0019727464726759358
0.0018697454608458844
0.0017739062782806717
0.001684631700633017
0.0016013765270969762
0.0015236454244726037
0.0014509836088999403
0.0013829918618814831
0.001319303658860146
0.0012595854317319624
0.0012035381407962753
0.0011508814371455026
0.0011013659411682687
0.0010547608238031933
0.0010108587251465451
0.0009694714901451423
0.0009304231159377045
0.0008935502085090781
0.0008587376538118263
0.0008258356306832485
0.0007947019414560727
0.0007652224260822516
0.000737292472148039
0.0007108151331062754
0.0006857027181963911
0.0006618713547243448
0.0006392472956643798
0.0006177650650332983
0.0005973595845749851
0.0005779603443509057
0.0005595223012927655
0.0005419955004143122
0.0005253303751580288
0.0005094801181978977
0.000494412242190407
0.00048008325114524654
0.00046645778815464293
0.0004535057828059895
0.00044119833923244683
0.0004295137083638526
0.0004184176551504672
0.00040789410121353734
0.0003979184636907515
0.00038847406403687165
0.0003795407736024176
0.00037110301897967624
0.0003631514819420181
0.0003556655569010559
0.0003486345577346608
0.0003420553691963949
0.00033590995497725435
0.00033019349013685667
0.0003248981768166084
0.00032002225045472005
