0.001051442503421935
0.0023490268039364584
0.003913608113892239
0.005294157640259795
0.006205275173122368
0.0066348945551401506
0.0067062553567734
0.006554388456857015
0.0062802276968459475
0.005948386156578312
0.005597052851855555
0.005247617371571909
0.004911415085750007
0.004593963835195705
0.0042974799969236
0.00402234119505721
0.003767920843247703
0.0035330913182151868
0.0033165078761716823
0.00311676506338231
0.0029324660242231334
0.002762283315584268
0.002604989154236432
0.0024594549995853275
0.0023246439151977548
0.0021996193383021423
0.0020835376274812075
0.001975624113983455
0.001875175244621349
0.0017815879215454565
0.001694271124926238
0.00161272501033711
0.0015364844864523648
0.0014651102357171565
0.0013982379312598413
0.001335519723667412
0.001276634213975501
0.00122129085104735
0.00116923154981513
0.0011202181742224952
0.0010740304937999117
0.0010304952832539478
0.0009893825196538003
0.0009505500606069148
0.0009138409766874491
0.0008791295937532802
0.0008463155926264577
0.0008152310292955415
0.0007857717078439593
0.0007578351651166794
0.0007313311130671967
0.0007061654898481403
0.0006822787125120011
0.0006595963133415549
0.0006380286328199799
0.0006175277912849512
0.0005980285320822282
0.000579502195694255
0.0005618789721617742
0.0005451079793473214
0.0005291493232494319
0.0005139858498253649
0.0004995674253276969
0.00048589767325221917
0.000472896640840238
0.0004605525810529767
0.00044886665881201625
0.00043775199242346134
0.0004272817473006426
0.0004173242316345666
0.0004079236997147303
0.00039904561767419044
0.00039072247494963385
0.00038293012335942925
0.0003756130701455239
0.000368794161588859
0.0003624352275626129
0.00035650832843579815
0.00035111287438181174
0.00034614154591684505
