0.0
0.0
0.0
1.7763568394002505e-15
6.661338147750939e-16
2.220446049250313e-15
0.0
0.0
0.0
0.0
4.440892098500626e-16
7.771561172376096e-16
3.1086244689504383e-15
2.7200464103316335e-15
1.2212453270876722e-15
0.0
3.164135620181696e-15
2.4424906541753444e-15
0.0
0.0
2.6645352591003757e-15
2.220446049250313e-15
3.608224830031759e-15
1.27675647831893e-15
7.216449660063518e-16
0.0
5.88418203051333e-15
6.661338147750939e-16
2.3869795029440866e-15
8.881784197001252e-16
1.887379141862766e-15
0.0
2.192690473634684e-15
4.551914400963142e-15
1.4432899320127035e-15
1.7763568394002505e-15
2.609024107869118e-15
1.8457457784393227e-15
0.0
0.0
3.3306690738754696e-15
3.635980405647388e-15
2.525757381022231e-15
0.0
0.0
9.43689570931383e-16
1.5543122344752192e-15
5.551115123125783e-16
2.5118795932144167e-15
1.5265566588595902e-15
3.191891195797325e-15
2.8033131371785203e-15
3.3861802251067274e-15
1.8318679906315083e-15
9.020562075079397e-16
2.581268532253489e-15
2.192690473634684e-15
2.498001805406602e-16
4.163336342344337e-16
2.9559688030644793e-15
1.0547118733938987e-15
1.915134717478395e-15
1.6653345369377348e-15
2.0539125955565396e-15
3.6637359812630166e-15
1.2490009027033011e-15
1.582067810090848e-15
6.661338147750939e-16
3.191891195797325e-15
7.216449660063518e-16
1.7208456881689926e-15
3.0531133177191805e-16
7.494005416219807e-16
2.55351295663786e-15
1.2212453270876722e-15
3.6914915568786455e-15
4.551914400963142e-15
0.0
1.8041124150158794e-15
4.746203430272544e-15
