0.0
0.0
0.0
0.0
4.440892098500626e-16
4.440892098500626e-16
0.0
4.440892098500626e-16
6.661338147750939e-16
0.0
0.0
0.0
0.0
1.1102230246251565e-15
6.661338147750939e-16
4.440892098500626e-16
4.440892098500626e-16
6.661338147750939e-16
1.3322676295501878e-15
0.0
0.0
0.0
4.440892098500626e-16
0.0
0.0
6.661338147750939e-16
6.661338147750939e-16
0.0
4.440892098500626e-16
0.0
0.0
0.0
0.0
0.0
4.440892098500626e-16
6.661338147750939e-16
0.0
0.0
6.661338147750939e-16
8.881784197001252e-16
0.0
6.661338147750939e-16
0.0
8.881784197001252e-16
6.661338147750939e-16
8.881784197001252e-16
1.1102230246251565e-15
4.440892098500626e-16
0.0
8.881784197001252e-16
0.0
4.440892098500626e-16
4.440892098500626e-16
4.440892098500626e-16
0.0
6.661338147750939e-16
0.0
4.440892098500626e-16
4.440892098500626e-16
4.440892098500626e-16
1.3322676295501878e-15
0.0
4.440892098500626e-16
0.0
0.0
0.0
4.440892098500626e-16
0.0
0.0
4.440892098500626e-16
4.440892098500626e-16
0.0
8.881784197001252e-16
8.881784197001252e-16
0.0
0.0
6.661338147750939e-16
4.440892098500626e-16
6.661338147750939e-16
0.0
