0.019326629954357584
0.022412988706129327
0.0285711448876143
0.03392514503550412
0.03169546940537817
0.014945855674542435
0.007237680569821408
0.0055256647996021835
0.004964415090748592
0.004515771774320212
0.004190243871004965
0.003943221385005848
0.00512995874274205
0.004663982681935963
0.004305357217344193
0.004060356145067766
0.003847028629803744
0.003624945032632053
0.003371151920464836
0.0030697080735845096
0.0027080078995081317
0.0022769389101243522
0.001771485984218101
0.0011932544111882607
0.0005542764307393272
0.00013000087742164504
0.000791211151703414
0.0013752772237562026
0.0018047225107381208
0.0020048244848110863
0.0019225510634940303
0.001547661627915836
0.0009228270743172173
0.00013713692620091362
0.0007143533174044237
0.0014620100418702314
0.0020062834054674033
0.0022446956670968223
0.0021009330736039113
0.0015524863321038297
0.0006647447745059227
0.000436289431661687
0.0013773673472384292
0.00194033559638102
0.001994402852272409
0.0015990126402584861
0.0009436557522284518
0.00023233956792542018
0.0004701001852881487
0.000943808947339618
0.0012469804241873037
0.0013902871345662
0.001393617962176104
0.0012770533030059777
0.00106029922137098
0.00076330973535624
0.00040855849977852716
0.0002140612277168632
0.0006347025086152679
0.0010149354133358423
0.0013127373333411123
0.0014905765066956444
0.0015227427392105993
0.0014029665923124554
0.001148550762899162
0.0007979939706602822
0.0014905285527973468
0.002319831787717891
0.0031192418484027205
0.003834247384931495
