0.0213431743726363
0.02390088458670992
0.027938569575682894
0.028070172221122108
0.020864869222403402
0.011345350213999367
0.005045892793920112
0.0034406352255580293
0.0031815173401807673
0.00300895724653774
0.0029137024810707087
0.002868454147266536
0.0028492710626907055
0.0028376933274207967
0.0028204107228732888
0.0027865803416039056
0.002726392178012827
0.0026301135676228445
0.0024880057479883377
0.002289340603648118
0.0020228832034292214
0.0016786920437763483
0.0012500156964602362
0.000736989850294124
0.00015190911029138156
0.00048583390139710986
0.0011025253978872967
0.0016308675789287732
0.001979867480290097
0.002068794228695619
0.0018494585215204833
0.001331220976084345
0.0005845359065996373
0.00029554605491717404
0.00113606900633019
0.001818772201728926
0.002220252983493118
0.0022434435343856767
0.001843334135233738
0.001067773264596318
8.770960574169436e-05
0.0008778975635149262
0.0014777479336831852
0.0016318008661631133
0.001391676055155703
0.0009169278710571348
0.0003722167616801415
0.0001812854450260512
0.000592385833990575
0.0008894085865638979
0.0010704102457927186
0.001142163398159331
0.001113962569723338
0.0009945262493738806
0.0007935172783295468
0.0005230364261698491
0.00020006398203360732
0.00036605966950695
0.000751341564153947
0.0010947533773634972
0.001351714398512983
0.0014837723767384455
0.0014664313266470835
0.0012980632615585037
0.0010030738695715076
0.0009549664447013472
0.001766265303313664
0.00257766684904361
0.003317083968117311
0.003924199544090811
