4.440892098500626e-16
8.881784197001252e-16
8.881784197001252e-16
4.440892098500626e-16
0.0
0.0
0.0
0.0
4.440892098500626e-16
0.0
4.440892098500626e-16
4.440892098500626e-16
8.881784197001252e-16
8.881784197001252e-16
4.440892098500626e-16
0.0
4.440892098500626e-16
4.440892098500626e-16
0.0
8.881784197001252e-16
4.440892098500626e-16
4.440892098500626e-16
4.440892098500626e-16
4.440892098500626e-16
4.440892098500626e-16
8.881784197001252e-16
0.0
4.440892098500626e-16
4.440892098500626e-16
8.881784197001252e-16
