0.021258561601237406
0.023866119372776138
0.02796554698427262
0.028176717488036577
0.02098637587628308
0.011405007473216086
0.005060190508129514
0.003442243062206684
0.003190964283510697
0.003024920523161931
0.002935440088592338
0.0028954727659076885
0.0028811675656021146
0.0028740660067861678
0.0028607907566773364
0.0028304100646151945
0.0027729655479497555
0.002678552767728514
0.0025372486365946743
0.002337989401205773
0.0020693218516597976
0.0017210634179879213
0.0012863126195310616
0.0007652256848486639
0.00017038051252378825
0.00047869945063280784
0.0011063696371583361
0.0016445580085054676
0.0020011283708957052
0.0020945525902143747
0.0018762606552139665
0.0013558646959265757
0.0006043026370099239
0.0002851175439080278
0.0011346444473390427
0.0018273891128558692
0.002239354878665178
0.002272238964856768
0.0018790331306528319
0.0011046908285216451
0.00011747769985182893
0.0008729126430727547
0.0014928600942964848
0.0016633149468608958
0.0014306572722137991
0.0009539802222142087
0.0004009029939034436
0.00017639401219907304
0.0005997021963683613
0.0009076384473458867
0.0010975976926883124
0.0011761254289507177
0.0011524823633970258
0.0010354487711972545
0.0008347650901121017
0.0005626082207862447
0.00023604732736465865
0.0003965288417122005
0.0008007081993966462
0.0011658607304363975
0.0014472559650893307
0.001606381341639233
0.00161861489823989
0.0014822794899973164
0.0012215583136170468
0.0012120643310773833
0.002146348477373795
0.0031169920294461992
0.004058785570121055
0.004918339877087609
