0.0
4.76837158203125e-07
0.0
0.0
4.76837158203125e-07
4.76837158203125e-07
4.76837158203125e-07
0.0
4.76837158203125e-07
4.76837158203125e-07
4.76837158203125e-07
4.76837158203125e-07
4.76837158203125e-07
0.0
0.0
0.0
4.76837158203125e-07
0.0
0.0
0
4.76837158203125e-07
4.76837158203125e-07
4.76837158203125e-07
0
4.76837158203125e-07
4.76837158203125e-07
0.0
0.0
0.0
0.0
0.0
4.76837158203125e-07
0
4.76837158203125e-07
0.0
4.76837158203125e-07
0.0
4.76837158203125e-07
0.0
0.0
4.76837158203125e-07
4.76837158203125e-07
4.76837158203125e-07
4.76837158203125e-07
0.0
0.0
0.0
9.5367431640625e-07
0.0
0.0
0.0
9.5367431640625e-07
0.0
0.0
4.76837158203125e-07
0.0
0
0
4.76837158203125e-07
0.0
0.0
0.0
4.76837158203125e-07
0.0
4.76837158203125e-07
0
0
0.0
0.0
0.0
0.0
0.0
0.0
8.881784197001252e-16
8.881784197001252e-16
2.6645352591003757e-15
0.0
8.881784197001252e-16
0.0
8.881784197001252e-16
1.7763568394002505e-15
2.6645352591003757e-15
0.0
1.7763568394002505e-15
1.7763568394002505e-15
0.0
1.7763568394002505e-15
8.881784197001252e-16
8.881784197001252e-16
0.0
8.881784197001252e-16
0.0
8.881784197001252e-16
0.0
1.7763568394002505e-15
0.0
0.0
8.881784197001252e-16
8.881784197001252e-16
0.0
0.0
8.881784197001252e-16
0.0
8.881784197001252e-16
8.881784197001252e-16
8.881784197001252e-16
0.0
8.881784197001252e-16
0.0
0.0
0.0
8.881784197001252e-16
8.881784197001252e-16
0.0
0.0
2.6645352591003757e-15
1.7763568394002505e-15
8.881784197001252e-16
0.0
0.0
0.0
0.0
0.0
0.0
0.0
0.0
0.0
0.0
0.0
0.0
0.0
