0.00022287332161715666
0.0004568915546457933
0.0006949860674552345
0.0008369488828829445
0.0008810603835403687
0.000877279412196747
0.0006748803830139924
0.0007329776159622956
0.0006088088849350831
0.0005183193495891022
0.00038805263670944955
0.00021971600616423886
0.00020537590080955896
0.00022878104030981926
0.0002320770325213336
0.0002090854095426463
0.00018429012927724582
0.00015372747435457733
0.0001418841079584342
0.00012462818694656858
7.991923324277247e-05
6.23731593159537e-05
4.6726218095653414e-05
4.173212483363147e-05
5.978346014352904e-05
6.660378933024239e-05
7.027818694298695e-05
9.661696898377265e-05
0.00012290441767781574
0.00019659177522288104
