0.00021673372926026978
0.00043638197520936276
0.000657451431874013
0.000792427103468743
0.0008234376218869932
0.0008364057779188496
0.0006627833530509267
0.0007161230531437715
0.0006162589300297065
0.0005102073759879628
0.00040069774962230866
0.00024206200476888602
0.000215130946932909
0.00025037194916222304
0.00026665192434840334
0.00024073707145750062
0.00021024750907554433
0.0001889618090356216
0.00016482666060133836
0.00015674691317761852
0.00010934511657802702
7.627120018910068e-05
6.18756763743728e-05
4.833776434319277e-05
6.582317835616072e-05
7.58196845803025e-05
7.071419680053621e-05
8.393561530913337e-05
9.439526982421525e-05
0.00011043623394053011
