0.0
6.661338147750939e-16
6.661338147750939e-16
6.661338147750939e-16
9.992007221626409e-16
0.0
0.0
6.661338147750939e-16
6.661338147750939e-16
6.661338147750939e-16
1.3322676295501878e-15
1.3322676295501878e-15
1.3322676295501878e-15
6.661338147750939e-16
1.9984014443252818e-15
0.0
6.661338147750939e-16
6.661338147750939e-16
0.0
9.992007221626409e-16
1.6653345369377348e-15
1.3322676295501878e-15
0.0
0.0
1.3322676295501878e-15
1.9984014443252818e-15
9.992007221626409e-16
6.661338147750939e-16
6.661338147750939e-16
1.3322676295501878e-15
