0.0
0.0
0.008095386179128406
0.010798217079279634
0.008876391002612586
0.007564466826497323
0.006611000074278774
0.005870415464817465
0.005271002919786394
0.004772231201622423
0.004348894343785647
0.003984179455870126
0.0036662993967788776
0.003386655224009318
0.0031387702907449628
0.002917646056542608
0.0027193401580582013
0.002540687676115253
0.002379109805893548
0.0022324772458328554
0.00209901350055434
0.0019772211501530874
0.0018658285298525494
0.0017637454760169654
0.0016700322565966802
0.0015838740436531795
0.0015045617394787048
0.0014314730274090173
0.0013640606999865744
0.0013018414275898429
0.0012443872624400558
0.0011913178287719572
0.0011422941017889918
0.0010970133782525718
0.0010552049509907162
0.0010166260357147004
0.0009810586594462415
0.0009483078341373895
0.0009181979587772747
0.0008905706900622678
0.0008652835800875779
0.0008422085232759315
0.0008212303443388883
0.0008022459224689344
0.0007851625538332421
0.000769913039933383
0.0007564348675098784
0.0007446340842388763
0.0007344538470330933
0.0007258445317739837
0.0007187633460104339
0.0007131739977229845
0.0007090463301867081
0.0007063560376454392
0.000705084457895661
0.0007052184006452709
0.0007067499857436339
0.0007096765729190218
0.0007140007740888334
0.0007197302060748421
0.0007268777302006764
0.0007354614872318521
0.000745504843282246
0.0007570366607302763
0.0007700914299489563
0.0007847094763611158
0.0008009372151620754
0.0008188274330865373
0.0008384396892247486
0.0008598406789495643
0.0008831047180320508
0.0009083142459150863
0.0009355604384144548
0.0009649438604439712
0.0009965752417219248
0.001030576326189049
0.001067080829002627
0.0011062355166086585
0.0011482014189520059
0.0011931552266117374
