0.00022206156556543171
0.0004547544761439906
0.0006921933494656121
0.0008347995584903904
0.000881863814773043
0.0008824119773367235
0.0006839258477923691
0.0007356599131802616
0.0006167738179008734
0.0005264858845049421
0.0003977805516193624
0.0002281666380490603
0.000212429884145976
0.00023365946878221836
0.0002380236042270826
0.00021466480613864666
0.00018862184765970863
0.0001572988002986023
0.0001406290752962854
0.0001232112527207167
7.803276221977544e-05
6.0492485810571035e-05
4.462642515503947e-05
3.87606847914028e-05
5.555892268588872e-05
5.95130670970066e-05
5.902365937096001e-05
7.589012278313779e-05
8.617143472080663e-05
0.00012297196027417947
