9.216414198424365e-05
0.0003454550254326987
0.00048737241119509194
0.00034663977238704504
0.0002611111589727937
0.00029517019115603136
0.0002637204513012981
0.00017836903530162043
0.00023327708116197696
0.000238638001996039
0.00011916611025376391
0.00014528982961771255
0.00013410795098913215
8.006257539654834e-05
9.122139296956993e-05
7.69406708189742e-05
3.82189008687379e-05
3.716508060353961e-05
4.660163142049102e-05
4.2448384317517085e-05
6.230199560718472e-05
9.930280622496883e-05
0.00014181648017412484
0.0003057495808235831
0.000991045560609353
