0.16329931618554513
0.1913468312934143
0.25822070139988795
0.46656840109382147
1.3814216259834122
6.98887718892083
67.9424217181711
67.9424217181711
67.9424217181711
0.016329931618554512
0.014443768644680308
0.01417224205461584
0.011788909504254808
0.013937387069502961
0.010793433473189378
0.014916793020847894
0.043602324119584375
0.17550259329318252
0.7691964102234006
0.008164965809277256
0.007095350268796369
0.006832734138250769
0.005341036608035151
0.005839098041405601
0.003358440137960266
0.002824184611749624
0.006083915752812805
0.021858095412738438
0.08821717385510949
