0.0
0.0
3.4357349587565977e-07
5.455440361679109e-07
1.18060090814609e-06
2.2003893960231835e-06
6.9810378349188795e-06
6.9810378349188795e-06
6.9810378349188795e-06
0.0
0.0
2.133745957699773e-07
1.997249672314183e-07
3.2779058845022746e-07
3.557795213993131e-07
4.0990995220369086e-07
6.219935997364701e-07
1.2187186939627281e-06
1.9750515978245176e-06
0.0
0.0
2.0713811066386256e-07
1.84805706737734e-07
2.9599776762978536e-07
2.8862348511182745e-07
2.6978282008371934e-07
3.283757479266569e-07
5.961488263039882e-07
1.2251089769321766e-06
