0.00015052453959017205
0.0009627969521867077
0.0009378830520307486
0.0006316170312426051
0.0003873717243857418
0.000716375585372512
0.0005713838386651241
0.000727942925361201
0.0002675450650646164
0.0003026090743978177
0.0004182868285851109
0.0003640314886082165
0.0005956962331389776
0.0011238641970282373
0.004423732525628477
0.0573342792394716
1.5040841391780224
136.2500062954659
136.2500062954659
136.2500062954659
136.2500062954659
136.2500062954659
136.2500062954659
136.2500062954659
136.2500062954659
